idx p0 p1 p2 p3 p4 r v s c te sr gt st
0 1.000000 1.000000 1.000000 0.000000 0.000000 0.597320 1.248493 1.408875 107.307627 58.067605 0.586502 1.119249 0.656442
1 1.000000 1.000000 1.000000 0.000000 0.020000 0.589630 1.250825 1.399032 107.407861 57.438976 0.585747 1.117809 0.654753
2 1.000000 1.000000 1.000000 0.000000 0.040000 0.603531 1.246261 1.406180 107.136727 58.362316 0.588718 1.120831 0.659853
3 1.000000 1.000000 1.000000 0.000000 0.060000 0.606082 1.251861 1.408526 107.464031 57.744790 0.592978 1.117075 0.662401
4 1.000000 1.000000 1.000000 0.000000 0.080000 0.607756 1.251276 1.404281 107.265572 57.699277 0.587156 1.119297 0.657202
5 1.000000 1.000000 1.000000 0.000000 0.100000 0.599926 1.249301 1.411839 107.373078 57.729606 0.589120 1.118625 0.659004
6 1.000000 1.000000 1.000000 0.000000 0.120000 0.597722 1.252926 1.404618 107.953592 57.325371 0.595537 1.112329 0.662433
7 1.000000 1.000000 1.000000 0.000000 0.140000 0.594672 1.251930 1.414169 107.302839 58.509309 0.599466 1.118804 0.670685
8 1.000000 1.000000 1.000000 0.000000 0.160000 0.595773 1.252800 1.403965 107.541733 57.499764 0.594329 1.116503 0.663570
9 1.000000 1.000000 1.000000 0.000000 0.180000 0.584335 1.246067 1.411924 106.954247 58.997938 0.594869 1.122498 0.667740
10 1.000000 1.000000 1.000000 0.000000 0.200000 0.593204 1.252599 1.408689 107.680742 58.543554 0.600608 1.114956 0.669652
11 1.000000 1.000000 1.000000 0.000000 0.220000 0.590485 1.256720 1.405833 107.876165 57.006837 0.595259 1.112799 0.662404
12 1.000000 1.000000 1.000000 0.000000 0.240000 0.596920 1.251859 1.405159 107.824780 58.011606 0.598398 1.113398 0.666255
13 1.000000 1.000000 1.000000 0.000000 0.260000 0.599567 1.256172 1.407307 107.836673 57.566589 0.600216 1.113260 0.668196
14 1.000000 1.000000 1.000000 0.000000 0.280000 0.590958 1.256837 1.424321 107.382778 58.143080 0.600054 1.118106 0.670924
15 1.000000 1.000000 1.000000 0.000000 0.300000 0.584642 1.256531 1.414492 107.473550 58.428485 0.595016 1.117009 0.664638
16 1.000000 1.000000 1.000000 0.000000 0.320000 0.587349 1.261293 1.400650 108.529250 57.701083 0.595538 1.106371 0.658886
17 1.000000 1.000000 1.000000 0.000000 0.340000 0.592842 1.257845 1.413452 107.580305 59.203200 0.594761 1.115858 0.663669
18 1.000000 1.000000 1.000000 0.000000 0.360000 0.584949 1.258944 1.407505 107.897734 58.814326 0.600237 1.112608 0.667828
19 1.000000 1.000000 1.000000 0.000000 0.380000 0.594893 1.254659 1.409727 107.643538 58.199197 0.597091 1.115277 0.665922
20 1.000000 1.000000 1.000000 0.000000 0.400000 0.585209 1.256112 1.406777 107.560881 59.261586 0.594884 1.116605 0.664251
21 1.000000 1.000000 1.000000 0.000000 0.420000 0.599411 1.255283 1.414354 107.326083 58.489730 0.595277 1.118552 0.665848
22 1.000000 1.000000 1.000000 0.000000 0.440000 0.597927 1.255452 1.408502 107.490025 58.686789 0.597926 1.116700 0.667704
23 1.000000 1.000000 1.000000 0.000000 0.460000 0.588586 1.256480 1.418895 107.327933 59.469526 0.591456 1.118576 0.661589
24 1.000000 1.000000 1.000000 0.000000 0.480000 0.591911 1.257827 1.414926 107.929365 58.615836 0.588512 1.112468 0.654701
25 1.000000 1.000000 1.000000 0.000000 0.500000 0.592242 1.260438 1.416404 107.533435 59.052094 0.595580 1.116396 0.664904
26 1.000000 1.000000 1.000000 0.040000 0.000000 0.596297 1.254180 1.420041 107.194821 58.086757 0.585171 1.120061 0.655427
27 1.000000 1.000000 1.000000 0.040000 0.020000 0.597351 1.247629 1.407474 107.288897 57.869745 0.584170 1.119155 0.653776
28 1.000000 1.000000 1.000000 0.040000 0.040000 0.621057 1.257275 1.399749 107.723496 57.535071 0.586784 1.114465 0.653950
29 1.000000 1.000000 1.000000 0.040000 0.060000 0.597099 1.251918 1.407666 107.992681 57.523046 0.586286 1.112100 0.652008
30 1.000000 1.000000 1.000000 0.040000 0.080000 0.605394 1.249444 1.405307 107.162288 58.141703 0.586609 1.120416 0.657246
31 1.000000 1.000000 1.000000 0.040000 0.100000 0.606775 1.250196 1.402953 107.198025 57.715524 0.588766 1.119893 0.659355
32 1.000000 1.000000 1.000000 0.040000 0.120000 0.620870 1.253737 1.410059 107.794585 57.416864 0.593916 1.113645 0.661412
33 1.000000 1.000000 1.000000 0.040000 0.140000 0.602415 1.253699 1.401940 107.889537 57.322295 0.599777 1.112843 0.667458
34 1.000000 1.000000 1.000000 0.040000 0.160000 0.589440 1.252471 1.416240 107.792670 57.124214 0.597830 1.113848 0.665891
35 1.000000 1.000000 1.000000 0.040000 0.180000 0.599657 1.252056 1.408428 107.002660 57.984973 0.596248 1.121959 0.668966
36 1.000000 1.000000 1.000000 0.040000 0.200000 0.598927 1.258743 1.407574 107.992720 57.551984 0.600786 1.111908 0.668018
37 1.000000 1.000000 1.000000 0.040000 0.220000 0.606488 1.254538 1.404760 107.470007 58.406017 0.596350 1.117153 0.666214
38 1.000000 1.000000 1.000000 0.040000 0.240000 0.592170 1.248943 1.403301 107.114664 58.504225 0.590997 1.120732 0.662349
39 1.000000 1.000000 1.000000 0.040000 0.260000 0.599724 1.253726 1.412168 107.307912 58.001497 0.601475 1.118934 0.673011
40 1.000000 1.000000 1.000000 0.040000 0.280000 0.601158 1.254594 1.404387 107.433050 58.271524 0.598019 1.117440 0.668250
41 1.000000 1.000000 1.000000 0.040000 0.300000 0.589321 1.258069 1.415192 107.794850 57.349605 0.596318 1.113901 0.664239
42 1.000000 1.000000 1.000000 0.040000 0.320000 0.586255 1.253049 1.410133 107.191873 59.416017 0.597204 1.120241 0.669013
43 1.000000 1.000000 1.000000 0.040000 0.340000 0.598097 1.256991 1.400547 107.700590 58.831207 0.596582 1.114476 0.664876
44 1.000000 1.000000 1.000000 0.040000 0.360000 0.599171 1.259040 1.401082 108.049455 58.729437 0.593245 1.111129 0.659171
45 1.000000 1.000000 1.000000 0.040000 0.380000 0.593937 1.254879 1.415465 107.275059 58.852477 0.598778 1.119282 0.670201
46 1.000000 1.000000 1.000000 0.040000 0.400000 0.595036 1.255586 1.416452 107.556756 59.067405 0.596136 1.116119 0.665359
47 1.000000 1.000000 1.000000 0.040000 0.420000 0.598155 1.257014 1.409422 107.670421 58.720349 0.599338 1.115146 0.668349
48 1.000000 1.000000 1.000000 0.040000 0.440000 0.586576 1.256737 1.426839 107.397258 58.944959 0.596125 1.118069 0.666509
49 1.000000 1.000000 1.000000 0.040000 0.460000 0.599767 1.255784 1.417291 107.414293 58.473237 0.594822 1.117810 0.664898
50 1.000000 1.000000 1.000000 0.040000 0.480000 0.600154 1.257038 1.405965 107.858014 59.106888 0.596525 1.113302 0.664112
51 1.000000 1.000000 1.000000 0.040000 0.500000 0.577249 1.257917 1.415948 107.840918 58.532024 0.594813 1.113124 0.662101
52 1.000000 1.000000 1.000000 0.080000 0.000000 0.596316 1.246238 1.408712 107.241238 57.341955 0.577741 1.120592 0.647412
53 1.000000 1.000000 1.000000 0.080000 0.020000 0.600800 1.257190 1.411054 108.007093 56.247450 0.592329 1.111702 0.658493
54 1.000000 1.000000 1.000000 0.080000 0.040000 0.599676 1.251315 1.407199 107.815879 57.093854 0.586709 1.113715 0.653426
55 1.000000 1.000000 1.000000 0.080000 0.060000 0.593386 1.247744 1.410933 107.599324 57.669340 0.599149 1.116044 0.668677
56 1.000000 1.000000 1.000000 0.080000 0.080000 0.613380 1.253092 1.402831 107.770897 57.043083 0.592901 1.114251 0.660641
57 1.000000 1.000000 1.000000 0.080000 0.100000 0.596997 1.253293 1.406710 107.416375 57.817960 0.591681 1.117931 0.661458
58 1.000000 1.000000 1.000000 0.080000 0.120000 0.614345 1.250202 1.400746 107.369124 57.204048 0.587882 1.118328 0.657444
59 1.000000 1.000000 1.000000 0.080000 0.140000 0.589934 1.251200 1.419023 107.543170 58.255525 0.594143 1.116496 0.663358
60 1.000000 1.000000 1.000000 0.080000 0.160000 0.611344 1.249471 1.404361 107.178037 57.514183 0.592813 1.120097 0.664008
61 1.000000 1.000000 1.000000 0.080000 0.180000 0.589271 1.249558 1.398983 107.171766 57.851547 0.590524 1.120360 0.661599
62 1.000000 1.000000 1.000000 0.080000 0.200000 0.603470 1.253700 1.413799 107.400376 57.687444 0.595568 1.117826 0.665742
63 1.000000 1.000000 1.000000 0.080000 0.220000 0.592878 1.255897 1.394198 107.735252 58.261916 0.594406 1.114535 0.662486
64 1.000000 1.000000 1.000000 0.080000 0.240000 0.608602 1.255213 1.403757 107.527082 57.083543 0.592800 1.116468 0.661841
65 1.000000 1.000000 1.000000 0.080000 0.260000 0.594666 1.253425 1.417459 107.171327 58.417860 0.600729 1.120161 0.672913
66 1.000000 1.000000 1.000000 0.080000 0.280000 0.595719 1.251753 1.403587 107.494199 58.254406 0.595652 1.116918 0.665294
67 1.000000 1.000000 1.000000 0.080000 0.300000 0.592355 1.255235 1.404012 107.536353 58.721849 0.597248 1.116386 0.666759
68 1.000000 1.000000 1.000000 0.080000 0.320000 0.590387 1.255107 1.401043 107.826529 57.926681 0.598146 1.113331 0.665934
69 1.000000 1.000000 1.000000 0.080000 0.340000 0.592327 1.256938 1.402867 107.602549 59.688129 0.599974 1.115665 0.669370
70 1.000000 1.000000 1.000000 0.080000 0.360000 0.592960 1.254149 1.414974 107.676595 57.867156 0.596556 1.114997 0.665158
71 1.000000 1.000000 1.000000 0.080000 0.380000 0.574171 1.256560 1.421007 107.565637 59.413799 0.598337 1.116072 0.667788
72 1.000000 1.000000 1.000000 0.080000 0.400000 0.592539 1.257262 1.410691 107.547508 58.400606 0.592890 1.116228 0.661800
73 1.000000 1.000000 1.000000 0.080000 0.420000 0.588267 1.256026 1.408142 107.417212 59.529943 0.592000 1.117724 0.661693
74 1.000000 1.000000 1.000000 0.080000 0.440000 0.597223 1.254909 1.404910 107.533191 60.015156 0.594875 1.116325 0.664074
75 1.000000 1.000000 1.000000 0.080000 0.460000 0.594727 1.258966 1.410478 107.820034 58.283186 0.595038 1.113476 0.662561
76 1.000000 1.000000 1.000000 0.080000 0.480000 0.596995 1.253660 1.418154 107.348430 58.848898 0.593637 1.118299 0.663863
77 1.000000 1.000000 1.000000 0.080000 0.500000 0.596898 1.254534 1.410096 107.304584 58.909969 0.587501 1.119098 0.657471
78 1.000000 1.000000 1.000000 0.120000 0.000000 0.604323 1.250854 1.404919 107.519111 57.218033 0.586961 1.117410 0.655876
79 1.000000 1.000000 1.000000 0.120000 0.020000 0.608705 1.252920 1.410587 107.724416 56.866828 0.587109 1.114571 0.654374
80 1.000000 1.000000 1.000000 0.120000 0.040000 0.601522 1.256254 1.408310 107.856938 57.295523 0.590661 1.113179 0.657511
81 1.000000 1.000000 1.000000 0.120000 0.060000 0.605451 1.250497 1.407621 107.110730 57.252332 0.589952 1.120910 0.661283
82 1.000000 1.000000 1.000000 0.120000 0.080000 0.616182 1.253731 1.398782 107.519039 57.400326 0.588834 1.116584 0.657483
83 1.000000 1.000000 1.000000 0.120000 0.100000 0.603226 1.250581 1.398094 107.606519 57.750060 0.590358 1.115795 0.658718
84 1.000000 1.000000 1.000000 0.120000 0.120000 0.604473 1.250565 1.416091 107.217033 57.958200 0.594316 1.119886 0.665566
85 1.000000 1.000000 1.000000 0.120000 0.140000 0.595179 1.257784 1.405260 107.829758 57.436002 0.596309 1.113767 0.664150
86 1.000000 1.000000 1.000000 0.120000 0.160000 0.597480 1.249217 1.409449 107.003080 58.465075 0.592223 1.122389 0.664704
87 1.000000 1.000000 1.000000 0.120000 0.180000 0.605544 1.257941 1.409060 107.700247 57.734613 0.601285 1.114649 0.670222
88 1.000000 1.000000 1.000000 0.120000 0.200000 0.595407 1.251746 1.404787 107.314531 57.888290 0.590866 1.118938 0.661142
89 1.000000 1.000000 1.000000 0.120000 0.220000 0.595280 1.256531 1.399437 107.882323 57.828916 0.595325 1.113062 0.662634
90 1.000000 1.000000 1.000000 0.120000 0.240000 0.590741 1.253499 1.406129 107.429511 58.448053 0.596880 1.117598 0.667072
91 1.000000 1.000000 1.000000 0.120000 0.260000 0.591741 1.253053 1.407125 107.484970 57.761338 0.597273 1.116856 0.667068
92 1.000000 1.000000 1.000000 0.120000 0.280000 0.603384 1.253115 1.405927 107.477106 57.590272 0.597918 1.117036 0.667896
93 1.000000 1.000000 1.000000 0.120000 0.300000 0.588620 1.255726 1.404624 107.858328 57.971459 0.597350 1.113030 0.664868
94 1.000000 1.000000 1.000000 0.120000 0.320000 0.596904 1.255383 1.405543 107.802454 58.246711 0.597935 1.113651 0.665891
95 1.000000 1.000000 1.000000 0.120000 0.340000 0.585264 1.255886 1.414090 107.493280 59.376234 0.600245 1.116752 0.670326
96 1.000000 1.000000 1.000000 0.120000 0.360000 0.594103 1.258692 1.408136 107.692527 58.860562 0.597508 1.114900 0.666161
97 1.000000 1.000000 1.000000 0.120000 0.380000 0.589445 1.259049 1.408346 107.800578 58.206806 0.590749 1.113615 0.657867
98 1.000000 1.000000 1.000000 0.120000 0.400000 0.600929 1.256540 1.408581 107.388782 59.031968 0.592244 1.117866 0.662049
99 1.000000 1.000000 1.000000 0.120000 0.420000 0.583233 1.256116 1.417176 107.378971 58.896061 0.595984 1.118257 0.666463
100 1.000000 1.000000 1.000000 0.120000 0.440000 0.588946 1.260578 1.404549 108.209215 57.942618 0.592832 1.109477 0.657733
101 1.000000 1.000000 1.000000 0.120000 0.460000 0.595700 1.254920 1.411917 107.249840 59.516390 0.592567 1.119432 0.663338
102 1.000000 1.000000 1.000000 0.120000 0.480000 0.587616 1.256815 1.411537 107.434206 59.784624 0.590032 1.117279 0.659230
103 1.000000 1.000000 1.000000 0.120000 0.500000 0.582489 1.260181 1.405041 107.765938 59.212182 0.594541 1.114106 0.662382
104 1.000000 1.000000 1.000000 0.160000 0.000000 0.594765 1.254199 1.410185 107.432221 57.331576 0.585906 1.117529 0.654767
105 1.000000 1.000000 1.000000 0.160000 0.020000 0.608314 1.251364 1.410301 107.004822 57.277733 0.590723 1.122475 0.663072
106 1.000000 1.000000 1.000000 0.160000 0.040000 0.617548 1.253980 1.416841 107.589752 56.294176 0.591176 1.116123 0.659825
107 1.000000 1.000000 1.000000 0.160000 0.060000 0.600926 1.259227 1.416697 107.890236 57.323772 0.588827 1.112826 0.655262
108 1.000000 1.000000 1.000000 0.160000 0.080000 0.605412 1.247879 1.413414 106.877863 56.722980 0.594003 1.123230 0.667202
109 1.000000 1.000000 1.000000 0.160000 0.100000 0.604290 1.250920 1.407021 107.393301 57.228733 0.588774 1.117932 0.658209
110 1.000000 1.000000 1.000000 0.160000 0.120000 0.602139 1.252733 1.402891 107.688474 57.660563 0.593247 1.115002 0.661472
111 1.000000 1.000000 1.000000 0.160000 0.140000 0.603576 1.251046 1.403233 107.256944 57.626920 0.594841 1.119443 0.665890
112 1.000000 1.000000 1.000000 0.160000 0.160000 0.598459 1.254913 1.390768 107.974422 57.690043 0.595717 1.112342 0.662641
113 1.000000 1.000000 1.000000 0.160000 0.180000 0.589722 1.250949 1.400147 107.470955 56.997287 0.590393 1.117395 0.659703
114 1.000000 1.000000 1.000000 0.160000 0.200000 0.592526 1.249311 1.410492 107.132657 57.959409 0.598061 1.120665 0.670226
115 1.000000 1.000000 1.000000 0.160000 0.220000 0.589754 1.255276 1.407879 107.809396 58.099055 0.595750 1.113657 0.663461
116 1.000000 1.000000 1.000000 0.160000 0.240000 0.591112 1.250645 1.398228 107.886151 57.831674 0.597757 1.112979 0.665291
117 1.000000 1.000000 1.000000 0.160000 0.260000 0.606502 1.254616 1.411529 107.428807 57.716246 0.597068 1.117275 0.667090
118 1.000000 1.000000 1.000000 0.160000 0.280000 0.599622 1.258225 1.409178 107.528485 58.696164 0.592429 1.116512 0.661454
119 1.000000 1.000000 1.000000 0.160000 0.300000 0.601344 1.253901 1.412480 107.132792 58.405222 0.599570 1.120515 0.671827
120 1.000000 1.000000 1.000000 0.160000 0.320000 0.579826 1.255504 1.407307 107.711349 59.357909 0.595062 1.114583 0.663246
121 1.000000 1.000000 1.000000 0.160000 0.340000 0.598790 1.257899 1.396859 107.915599 58.329653 0.593423 1.112400 0.660125
122 1.000000 1.000000 1.000000 0.160000 0.360000 0.604036 1.255090 1.398384 107.541199 59.176869 0.597646 1.116417 0.667222
123 1.000000 1.000000 1.000000 0.160000 0.380000 0.591477 1.257879 1.406570 107.614959 58.696381 0.592904 1.115910 0.661628
124 1.000000 1.000000 1.000000 0.160000 0.400000 0.591187 1.258953 1.398837 107.814689 58.896513 0.595000 1.113392 0.662468
125 1.000000 1.000000 1.000000 0.160000 0.420000 0.590697 1.253122 1.413535 107.443930 59.435649 0.592927 1.117703 0.662717
126 1.000000 1.000000 1.000000 0.160000 0.440000 0.588528 1.258090 1.407334 107.555633 59.709741 0.592426 1.116440 0.661408
127 1.000000 1.000000 1.000000 0.160000 0.460000 0.594219 1.255555 1.401981 107.464933 59.145753 0.587237 1.117310 0.656125
128 1.000000 1.000000 1.000000 0.160000 0.480000 0.605361 1.256365 1.405750 107.405246 58.782286 0.595879 1.117657 0.665988
129 1.000000 1.000000 1.000000 0.160000 0.500000 0.598467 1.253411 1.415213 106.792161 59.738461 0.596581 1.124121 0.670630
130 1.000000 1.000000 1.000000 0.200000 0.000000 0.610895 1.250628 1.409177 107.403638 57.015984 0.592755 1.118125 0.662775
131 1.000000 1.000000 1.000000 0.200000 0.020000 0.603553 1.254862 1.407073 107.743575 56.579418 0.587422 1.114833 0.654877
132 1.000000 1.000000 1.000000 0.200000 0.040000 0.598838 1.259884 1.418313 108.205860 55.688322 0.584258 1.109728 0.648367
133 1.000000 1.000000 1.000000 0.200000 0.060000 0.607178 1.252496 1.419383 107.409253 56.570280 0.591712 1.117719 0.661367
134 1.000000 1.000000 1.000000 0.200000 0.080000 0.607682 1.254812 1.410186 107.617656 57.508273 0.595024 1.115545 0.663776
135 1.000000 1.000000 1.000000 0.200000 0.100000 0.611188 1.250553 1.409134 107.401029 57.889844 0.591734 1.118099 0.661616
136 1.000000 1.000000 1.000000 0.200000 0.120000 0.597785 1.252321 1.401018 107.746704 57.167580 0.589620 1.114638 0.657213
137 1.000000 1.000000 1.000000 0.200000 0.140000 0.608384 1.250215 1.405523 107.473413 56.609078 0.589628 1.117248 0.658761
138 1.000000 1.000000 1.000000 0.200000 0.160000 0.601103 1.253876 1.407693 107.516553 57.511768 0.595934 1.116754 0.665511
139 1.000000 1.000000 1.000000 0.200000 0.180000 0.588778 1.257533 1.397863 107.828254 57.956616 0.595234 1.113295 0.662671
140 1.000000 1.000000 1.000000 0.200000 0.200000 0.600048 1.258605 1.408009 107.996708 57.088238 0.597621 1.111668 0.664356
141 1.000000 1.000000 1.000000 0.200000 0.220000 0.602873 1.254004 1.414126 107.057469 58.027669 0.593979 1.121229 0.665986
142 1.000000 1.000000 1.000000 0.200000 0.240000 0.588346 1.251720 1.402669 107.477584 58.253880 0.595601 1.117462 0.665562
143 1.000000 1.000000 1.000000 0.200000 0.260000 0.596954 1.250181 1.391850 107.349888 57.619633 0.597245 1.118525 0.668033
144 1.000000 1.000000 1.000000 0.200000 0.280000 0.595068 1.255748 1.405189 107.318815 59.123115 0.593234 1.118700 0.663651
145 1.000000 1.000000 1.000000 0.200000 0.300000 0.597002 1.256355 1.411724 107.458357 58.449432 0.595200 1.117199 0.664957
146 1.000000 1.000000 1.000000 0.200000 0.320000 0.593608 1.258003 1.413912 107.365733 58.009372 0.597885 1.118118 0.668506
147 1.000000 1.000000 1.000000 0.200000 0.340000 0.590167 1.257883 1.405494 108.038393 58.651219 0.597508 1.111222 0.663965
148 1.000000 1.000000 1.000000 0.200000 0.360000 0.587873 1.258731 1.402840 108.090152 58.304458 0.593513 1.110848 0.659303
149 1.000000 1.000000 1.000000 0.200000 0.380000 0.601946 1.255732 1.398694 107.377601 60.034661 0.594579 1.118210 0.664865
150 1.000000 1.000000 1.000000 0.200000 0.400000 0.597457 1.255674 1.406412 107.251718 59.434116 0.586186 1.119432 0.656196
151 1.000000 1.000000 1.000000 0.200000 0.420000 0.593659 1.257404 1.404018 107.798821 58.505743 0.590807 1.113701 0.657983
152 1.000000 1.000000 1.000000 0.200000 0.440000 0.597507 1.255317 1.407528 107.430471 59.287802 0.595110 1.117868 0.665255
153 1.000000 1.000000 1.000000 0.200000 0.460000 0.600599 1.258305 1.406605 107.708541 58.734864 0.596813 1.114681 0.665256
154 1.000000 1.000000 1.000000 0.200000 0.480000 0.579923 1.255320 1.421464 107.291282 59.258603 0.589847 1.119211 0.660164
155 1.000000 1.000000 1.000000 0.200000 0.500000 0.596177 1.258107 1.410884 108.014202 57.919713 0.592417 1.111294 0.658349
156 1.000000 1.000000 1.000000 0.240000 0.000000 0.601980 1.254298 1.402338 107.600142 56.640778 0.582403 1.116105 0.650023
157 1.000000 1.000000 1.000000 0.240000 0.020000 0.617358 1.254028 1.400259 107.423102 57.265514 0.588552 1.117587 0.657758
158 1.000000 1.000000 1.000000 0.240000 0.040000 0.606296 1.251692 1.415904 107.183502 56.745028 0.590971 1.120188 0.661999
159 1.000000 1.000000 1.000000 0.240000 0.060000 0.609602 1.255719 1.410394 108.028073 56.527377 0.587693 1.111780 0.653385
160 1.000000 1.000000 1.000000 0.240000 0.080000 0.611306 1.251787 1.400957 107.443220 57.700827 0.589777 1.117555 0.659108
161 1.000000 1.000000 1.000000 0.240000 0.100000 0.608338 1.255551 1.412861 107.798202 57.415123 0.599418 1.113706 0.667576
162 1.000000 1.000000 1.000000 0.240000 0.120000 0.587314 1.250146 1.411847 107.267907 57.655609 0.590500 1.119296 0.660944
163 1.000000 1.000000 1.000000 0.240000 0.140000 0.585611 1.257386 1.404621 107.571798 57.908718 0.597203 1.116344 0.666684
164 1.000000 1.000000 1.000000 0.240000 0.160000 0.605833 1.256033 1.402478 107.614277 57.643821 0.596094 1.115737 0.665084
165 1.000000 1.000000 1.000000 0.240000 0.180000 0.611598 1.249054 1.407776 107.138103 58.115066 0.595494 1.120449 0.667221
166 1.000000 1.000000 1.000000 0.240000 0.200000 0.604846 1.257793 1.409196 107.898788 57.497830 0.596322 1.112932 0.663665
167 1.000000 1.000000 1.000000 0.240000 0.220000 0.595424 1.258047 1.398543 108.122019 58.032525 0.599809 1.110480 0.666075
168 1.000000 1.000000 1.000000 0.240000 0.240000 0.597019 1.253459 1.415571 107.517349 58.056921 0.593842 1.117229 0.663458
169 1.000000 1.000000 1.000000 0.240000 0.260000 0.601671 1.254573 1.409703 107.359771 58.173946 0.593759 1.118237 0.663963
170 1.000000 1.000000 1.000000 0.240000 0.280000 0.597387 1.258941 1.405686 107.890077 58.188221 0.596418 1.112799 0.663694
171 1.000000 1.000000 1.000000 0.240000 0.300000 0.592445 1.256451 1.399741 107.790173 59.313301 0.591966 1.116508 0.660934
172 1.000000 1.000000 1.000000 0.240000 0.320000 0.593111 1.255012 1.398445 107.649382 58.926193 0.597904 1.115240 0.666806
173 1.000000 1.000000 1.000000 0.240000 0.340000 0.593886 1.259918 1.403499 107.813287 58.777378 0.592101 1.113749 0.659452
174 1.000000 1.000000 1.000000 0.240000 0.360000 0.601548 1.258125 1.410532 107.607506 58.804625 0.591289 1.115735 0.659721
175 1.000000 1.000000 1.000000 0.240000 0.380000 0.592188 1.254359 1.411734 107.246357 59.707200 0.596333 1.119421 0.667547
176 1.000000 1.000000 1.000000 0.240000 0.400000 0.592266 1.259735 1.408745 107.687453 59.135175 0.598451 1.114872 0.667196
177 1.000000 1.000000 1.000000 0.240000 0.420000 0.602769 1.256651 1.416077 107.287476 59.346395 0.595578 1.118890 0.666386
178 1.000000 1.000000 1.000000 0.240000 0.440000 0.593073 1.255534 1.411828 107.348200 59.405427 0.592668 1.118297 0.662779
179 1.000000 1.000000 1.000000 0.240000 0.460000 0.596591 1.256992 1.407129 107.430157 59.644392 0.594689 1.117403 0.664507
180 1.000000 1.000000 1.000000 0.240000 0.480000 0.608452 1.255056 1.409452 107.108651 59.410008 0.594056 1.120674 0.665743
181 1.000000 1.000000 1.000000 0.240000 0.500000 0.594406 1.257182 1.412134 107.482027 58.924082 0.589439 1.116897 0.658343
182 1.000000 1.000000 1.000000 0.280000 0.000000 0.612120 1.254799 1.399146 107.722878 56.612104 0.583937 1.114592 0.650852
183 1.000000 1.000000 1.000000 0.280000 0.020000 0.599952 1.248197 1.407194 106.729736 57.509196 0.583033 1.124811 0.655802
184 1.000000 1.000000 1.000000 0.280000 0.040000 0.609658 1.253920 1.409843 107.552739 56.462698 0.588399 1.116418 0.656899
185 1.000000 1.000000 1.000000 0.280000 0.060000 0.620323 1.252761 1.401950 107.334258 57.123644 0.591119 1.118504 0.661169
186 1.000000 1.000000 1.000000 0.280000 0.080000 0.620553 1.253724 1.411164 107.491445 57.100307 0.595093 1.116769 0.664581
187 1.000000 1.000000 1.000000 0.280000 0.100000 0.607957 1.257993 1.407873 108.097936 56.207960 0.594217 1.110810 0.660062
188 1.000000 1.000000 1.000000 0.280000 0.120000 0.600465 1.256046 1.411547 107.988885 56.426270 0.594484 1.111744 0.660914
189 1.000000 1.000000 1.000000 0.280000 0.140000 0.598829 1.254584 1.405500 107.809039 57.051248 0.598687 1.113519 0.666649
190 1.000000 1.000000 1.000000 0.280000 0.160000 0.600829 1.257324 1.408135 107.835433 57.332111 0.594063 1.113459 0.661465
191 1.000000 1.000000 1.000000 0.280000 0.180000 0.598679 1.256637 1.402904 107.859704 57.617399 0.592631 1.113225 0.659732
192 1.000000 1.000000 1.000000 0.280000 0.200000 0.590904 1.256146 1.409725 107.891186 57.927245 0.587944 1.112910 0.654329
193 1.000000 1.000000 1.000000 0.280000 0.220000 0.594244 1.248750 1.411472 107.128204 58.461550 0.594585 1.120643 0.666317
194 1.000000 1.000000 1.000000 0.280000 0.240000 0.590817 1.258464 1.406694 108.350994 57.398516 0.594507 1.108622 0.659084
195 1.000000 1.000000 1.000000 0.280000 0.260000 0.599269 1.252023 1.407039 107.217351 59.038442 0.601188 1.119653 0.673122
196 1.000000 1.000000 1.000000 0.280000 0.280000 0.599400 1.251851 1.410836 107.210927 58.636671 0.594308 1.120012 0.665632
197 1.000000 1.000000 1.000000 0.280000 0.300000 0.590951 1.255973 1.409466 107.530708 57.827668 0.591783 1.116660 0.660820
198 1.000000 1.000000 1.000000 0.280000 0.320000 0.588546 1.258763 1.420239 107.671236 58.737495 0.594484 1.115008 0.662854
199 1.000000 1.000000 1.000000 0.280000 0.340000 0.592409 1.256177 1.408569 107.685122 58.330413 0.592616 1.114822 0.660661
200 1.000000 1.000000 1.000000 0.280000 0.360000 0.596374 1.256303 1.408412 107.242910 59.525491 0.593351 1.119529 0.664274
201 1.000000 1.000000 1.000000 0.280000 0.380000 0.608421 1.252396 1.402566 107.174742 59.897229 0.593483 1.119932 0.664661
202 1.000000 1.000000 1.000000 0.280000 0.400000 0.603547 1.255219 1.415540 107.273089 59.440390 0.597325 1.119100 0.668467
203 1.000000 1.000000 1.000000 0.280000 0.420000 0.600069 1.257248 1.409031 107.460206 59.348741 0.596389 1.117184 0.666277
204 1.000000 1.000000 1.000000 0.280000 0.440000 0.598982 1.260802 1.415759 107.846394 58.346882 0.591642 1.113265 0.658655
205 1.000000 1.000000 1.000000 0.280000 0.460000 0.603367 1.252288 1.403312 106.584664 59.918497 0.591308 1.126238 0.665953
206 1.000000 1.000000 1.000000 0.280000 0.480000 0.593827 1.255099 1.403975 107.506917 59.808873 0.592648 1.116854 0.661902
207 1.000000 1.000000 1.000000 0.280000 0.500000 0.605272 1.253752 1.416180 106.967455 58.890769 0.596301 1.122263 0.669206
208 1.000000 1.000000 1.000000 0.320000 0.000000 0.597400 1.251364 1.408165 107.990400 57.496240 0.589861 1.112061 0.655962
209 1.000000 1.000000 1.000000 0.320000 0.020000 0.606849 1.254228 1.413036 107.494713 55.931274 0.583705 1.116929 0.651957
210 1.000000 1.000000 1.000000 0.320000 0.040000 0.608416 1.255143 1.401579 108.021580 56.792789 0.595902 1.111580 0.662392
211 1.000000 1.000000 1.000000 0.320000 0.060000 0.604917 1.250520 1.406576 107.049556 56.961558 0.593664 1.121488 0.665787
212 1.000000 1.000000 1.000000 0.320000 0.080000 0.607057 1.248749 1.412857 107.306213 57.298349 0.593470 1.118960 0.664069
213 1.000000 1.000000 1.000000 0.320000 0.100000 0.594098 1.252509 1.408222 107.414903 57.626273 0.593958 1.118322 0.664236
214 1.000000 1.000000 1.000000 0.320000 0.120000 0.609473 1.256446 1.407281 107.865739 56.868016 0.594493 1.112983 0.661661
215 1.000000 1.000000 1.000000 0.320000 0.140000 0.602245 1.256626 1.397352 107.899894 58.003273 0.590715 1.112675 0.657274
216 1.000000 1.000000 1.000000 0.320000 0.160000 0.604325 1.254718 1.403203 107.665163 58.314982 0.598518 1.114971 0.667330
217 1.000000 1.000000 1.000000 0.320000 0.180000 0.598249 1.252879 1.403088 107.179264 58.040056 0.599421 1.120062 0.671389
218 1.000000 1.000000 1.000000 0.320000 0.200000 0.602036 1.253069 1.405285 107.488002 58.256126 0.599302 1.116980 0.669409
219 1.000000 1.000000 1.000000 0.320000 0.220000 0.594468 1.259089 1.404467 108.245441 57.306016 0.601202 1.108990 0.666727
220 1.000000 1.000000 1.000000 0.320000 0.240000 0.583586 1.257050 1.401370 108.404913 58.140562 0.598012 1.107762 0.662455
221 1.000000 1.000000 1.000000 0.320000 0.260000 0.590461 1.252562 1.391354 107.655363 57.941599 0.592807 1.115459 0.661252
222 1.000000 1.000000 1.000000 0.320000 0.280000 0.605967 1.254542 1.400270 107.263232 58.622591 0.597402 1.119129 0.668570
223 1.000000 1.000000 1.000000 0.320000 0.300000 0.607177 1.253376 1.396398 107.196717 59.318864 0.596370 1.120015 0.667943
224 1.000000 1.000000 1.000000 0.320000 0.320000 0.599841 1.256316 1.410340 107.644306 59.183284 0.593737 1.115218 0.662146
225 1.000000 1.000000 1.000000 0.320000 0.340000 0.597422 1.259865 1.409188 107.892237 58.835878 0.594156 1.112824 0.661191
226 1.000000 1.000000 1.000000 0.320000 0.360000 0.596716 1.255645 1.405489 107.370668 60.131698 0.596898 1.118206 0.667455
227 1.000000 1.000000 1.000000 0.320000 0.380000 0.592955 1.253542 1.414133 107.432004 59.145923 0.598836 1.117459 0.669174
228 1.000000 1.000000 1.000000 0.320000 0.400000 0.603633 1.254994 1.411110 107.462922 58.745419 0.598805 1.117092 0.668920
229 1.000000 1.000000 1.000000 0.320000 0.420000 0.599382 1.259360 1.400558 107.857957 58.745805 0.599731 1.113183 0.667610
230 1.000000 1.000000 1.000000 0.320000 0.440000 0.595045 1.260902 1.411079 108.139290 58.295760 0.592388 1.110208 0.657674
231 1.000000 1.000000 1.000000 0.320000 0.460000 0.598289 1.253085 1.400663 107.240225 59.113738 0.591612 1.119484 0.662300
232 1.000000 1.000000 1.000000 0.320000 0.480000 0.618200 1.256828 1.409226 107.596712 59.245018 0.597531 1.115840 0.666749
233 1.000000 1.000000 1.000000 0.320000 0.500000 0.617031 1.253150 1.411993 107.169557 59.881636 0.594111 1.120319 0.665594
234 1.000000 1.000000 1.000000 0.360000 0.000000 0.599611 1.255570 1.400896 108.096283 55.915769 0.588454 1.110849 0.653684
235 1.000000 1.000000 1.000000 0.360000 0.020000 0.603399 1.252258 1.396784 107.488285 57.040287 0.587082 1.117143 0.655855
236 1.000000 1.000000 1.000000 0.360000 0.040000 0.598818 1.256741 1.424596 107.485263 56.794518 0.586703 1.121175 0.657797
237 1.000000 1.000000 1.000000 0.360000 0.060000 0.600691 1.249133 1.399259 107.190317 57.089138 0.589564 1.120230 0.660447
238 1.000000 1.000000 1.000000 0.360000 0.080000 0.608957 1.253361 1.411996 107.652851 56.409146 0.588248 1.115374 0.656116
239 1.000000 1.000000 1.000000 0.360000 0.100000 0.610119 1.254293 1.405081 107.630337 57.657145 0.597168 1.115288 0.666014
240 1.000000 1.000000 1.000000 0.360000 0.120000 0.612488 1.253677 1.406839 107.166425 58.069253 0.593361 1.121904 0.665693
241 1.000000 1.000000 1.000000 0.360000 0.140000 0.593313 1.249533 1.404640 107.536674 57.479531 0.596224 1.116528 0.665701
242 1.000000 1.000000 1.000000 0.360000 0.160000 0.614435 1.257994 1.401831 107.628904 58.064523 0.595626 1.115308 0.664307
243 1.000000 1.000000 1.000000 0.360000 0.180000 0.606526 1.252174 1.412764 107.196773 58.121801 0.598312 1.119828 0.670007
244 1.000000 1.000000 1.000000 0.360000 0.200000 0.585966 1.251375 1.411232 107.141032 57.297040 0.599528 1.120543 0.671797
245 1.000000 1.000000 1.000000 0.360000 0.220000 0.601794 1.254424 1.398868 107.919493 56.999879 0.595608 1.112418 0.662565
246 1.000000 1.000000 1.000000 0.360000 0.240000 0.588448 1.253607 1.409731 107.819598 57.942230 0.596430 1.113780 0.664292
247 1.000000 1.000000 1.000000 0.360000 0.260000 0.593109 1.255034 1.401133 107.742075 58.073388 0.596321 1.114532 0.664619
248 1.000000 1.000000 1.000000 0.360000 0.280000 0.611137 1.253614 1.407103 107.123659 58.464591 0.594257 1.120785 0.666034
249 1.000000 1.000000 1.000000 0.360000 0.300000 0.595306 1.257568 1.398369 107.910280 58.033807 0.594072 1.112523 0.660919
250 1.000000 1.000000 1.000000 0.360000 0.320000 0.592397 1.252721 1.405136 107.448480 59.292729 0.595633 1.117310 0.665507
251 1.000000 1.000000 1.000000 0.360000 0.340000 0.595461 1.256797 1.397288 107.792702 58.637290 0.590171 1.113756 0.657306
252 1.000000 1.000000 1.000000 0.360000 0.360000 0.601881 1.256366 1.411849 107.289132 59.057541 0.597788 1.119129 0.669002
253 1.000000 1.000000 1.000000 0.360000 0.380000 0.598921 1.263785 1.406142 107.969791 58.890166 0.600209 1.111851 0.667343
254 1.000000 1.000000 1.000000 0.360000 0.400000 0.596977 1.258769 1.404882 107.907762 58.891098 0.598384 1.112673 0.665806
255 1.000000 1.000000 1.000000 0.360000 0.420000 0.588888 1.259004 1.407260 107.888166 59.110255 0.597092 1.112711 0.664391
256 1.000000 1.000000 1.000000 0.360000 0.440000 0.600252 1.254418 1.408546 106.871302 59.681335 0.592026 1.123116 0.664914
257 1.000000 1.000000 1.000000 0.360000 0.460000 0.595596 1.263102 1.393737 108.198157 59.650566 0.597330 1.109899 0.662976
258 1.000000 1.000000 1.000000 0.360000 0.480000 0.605007 1.248469 1.418584 106.560415 60.235641 0.591491 1.126636 0.666395
259 1.000000 1.000000 1.000000 0.360000 0.500000 0.605250 1.262045 1.413528 107.573187 58.761200 0.590244 1.116235 0.658851
260 1.000000 1.000000 1.000000 0.400000 0.000000 0.607334 1.258466 1.403723 108.028637 55.954482 0.585508 1.111421 0.650746
261 1.000000 1.000000 1.000000 0.400000 0.020000 0.625193 1.252254 1.409433 107.392127 56.290497 0.586894 1.117999 0.656146
262 1.000000 1.000000 1.000000 0.400000 0.040000 0.598537 1.253494 1.408742 107.408667 56.534134 0.591769 1.117768 0.661461
263 1.000000 1.000000 1.000000 0.400000 0.060000 0.588680 1.252505 1.416493 107.442017 56.733873 0.588114 1.117579 0.657264
264 1.000000 1.000000 1.000000 0.400000 0.080000 0.596872 1.249027 1.415768 107.329523 57.642981 0.592082 1.118718 0.662372
265 1.000000 1.000000 1.000000 0.400000 0.100000 0.598500 1.254818 1.408248 107.931212 56.480754 0.595581 1.112753 0.662734
266 1.000000 1.000000 1.000000 0.400000 0.120000 0.614989 1.251639 1.397880 107.595629 56.786793 0.595426 1.115786 0.664368
267 1.000000 1.000000 1.000000 0.400000 0.140000 0.595892 1.253696 1.413362 107.481415 57.581104 0.597226 1.117105 0.667164
268 1.000000 1.000000 1.000000 0.400000 0.160000 0.597300 1.253786 1.408874 107.193327 57.498747 0.591875 1.120088 0.662952
269 1.000000 1.000000 1.000000 0.400000 0.180000 0.596608 1.254184 1.413224 107.659438 57.278842 0.585762 1.115175 0.653228
270 1.000000 1.000000 1.000000 0.400000 0.200000 0.596130 1.255078 1.395739 107.577737 57.630051 0.592593 1.116098 0.661392
271 1.000000 1.000000 1.000000 0.400000 0.220000 0.607310 1.255810 1.398107 107.470273 57.915918 0.598815 1.117262 0.669033
272 1.000000 1.000000 1.000000 0.400000 0.240000 0.600665 1.249526 1.410275 107.038230 59.027416 0.591921 1.122093 0.664190
273 1.000000 1.000000 1.000000 0.400000 0.260000 0.595011 1.252818 1.408822 107.383554 58.385046 0.603007 1.118028 0.674179
274 1.000000 1.000000 1.000000 0.400000 0.280000 0.596700 1.255440 1.404315 107.561031 58.588179 0.594523 1.116093 0.663543
275 1.000000 1.000000 1.000000 0.400000 0.300000 0.592031 1.256496 1.413720 107.815609 58.096508 0.599318 1.113358 0.667256
276 1.000000 1.000000 1.000000 0.400000 0.320000 0.585701 1.251919 1.397127 107.565075 58.771995 0.591307 1.116198 0.660015
277 1.000000 1.000000 1.000000 0.400000 0.340000 0.593606 1.253792 1.397898 107.549521 58.804022 0.596577 1.116327 0.665974
278 1.000000 1.000000 1.000000 0.400000 0.360000 0.595624 1.258317 1.407462 107.850479 58.401216 0.595767 1.113178 0.663195
279 1.000000 1.000000 1.000000 0.400000 0.380000 0.586402 1.258322 1.402316 107.634863 59.314062 0.593637 1.115355 0.662116
280 1.000000 1.000000 1.000000 0.400000 0.400000 0.597594 1.257802 1.403955 107.511608 58.895907 0.593469 1.116660 0.662703
281 1.000000 1.000000 1.000000 0.400000 0.420000 0.607006 1.256294 1.403414 107.435032 59.449868 0.591465 1.117659 0.661056
282 1.000000 1.000000 1.000000 0.400000 0.440000 0.595321 1.253483 1.408039 106.984645 59.857331 0.594825 1.122148 0.667482
283 1.000000 1.000000 1.000000 0.400000 0.460000 0.602228 1.259955 1.414213 107.814911 58.689102 0.591439 1.113474 0.658552
284 1.000000 1.000000 1.000000 0.400000 0.480000 0.618297 1.260795 1.406494 107.413625 59.239550 0.592629 1.117651 0.662352
285 1.000000 1.000000 1.000000 0.400000 0.500000 0.608460 1.253518 1.413138 107.022559 59.791341 0.592834 1.121664 0.664961
286 1.000000 1.000000 1.000000 0.440000 0.000000 0.610658 1.257620 1.411209 107.659185 56.520300 0.590335 1.115195 0.658338
287 1.000000 1.000000 1.000000 0.440000 0.020000 0.588499 1.253343 1.387713 107.876438 56.898786 0.591727 1.113126 0.658667
288 1.000000 1.000000 1.000000 0.440000 0.040000 0.600274 1.254104 1.414668 107.554866 56.733446 0.590820 1.116402 0.659592
289 1.000000 1.000000 1.000000 0.440000 0.060000 0.613441 1.252915 1.406415 107.478609 56.363011 0.593876 1.117090 0.663412
290 1.000000 1.000000 1.000000 0.440000 0.080000 0.608403 1.253318 1.402536 107.429153 57.346630 0.591021 1.117718 0.660595
291 1.000000 1.000000 1.000000 0.440000 0.100000 0.592600 1.260259 1.395867 108.295392 56.546452 0.592051 1.109249 0.656731
292 1.000000 1.000000 1.000000 0.440000 0.120000 0.610656 1.256734 1.417848 107.910007 56.154713 0.594869 1.112559 0.661827
293 1.000000 1.000000 1.000000 0.440000 0.140000 0.594834 1.247681 1.407023 106.871363 58.664475 0.594223 1.123555 0.667642
294 1.000000 1.000000 1.000000 0.440000 0.160000 0.603391 1.250659 1.409164 106.890215 57.633845 0.598982 1.123378 0.672883
295 1.000000 1.000000 1.000000 0.440000 0.180000 0.611492 1.247869 1.413157 107.035570 57.259012 0.597833 1.121712 0.670597
296 1.000000 1.000000 1.000000 0.440000 0.200000 0.597185 1.255961 1.410868 108.059050 56.587827 0.597631 1.111169 0.664070
297 1.000000 1.000000 1.000000 0.440000 0.220000 0.595249 1.255064 1.397831 107.570201 58.026874 0.600735 1.116023 0.670434
298 1.000000 1.000000 1.000000 0.440000 0.240000 0.599260 1.254377 1.409792 107.200006 58.943350 0.601702 1.119827 0.673803
299 1.000000 1.000000 1.000000 0.440000 0.260000 0.598168 1.255076 1.410364 107.667273 57.345156 0.595997 1.114976 0.664522
300 1.000000 1.000000 1.000000 0.440000 0.280000 0.582992 1.255120 1.405419 107.944330 58.329250 0.595212 1.112465 0.662153
301 1.000000 1.000000 1.000000 0.440000 0.300000 0.583409 1.254643 1.401562 107.721536 59.400725 0.592281 1.114733 0.660235
302 1.000000 1.000000 1.000000 0.440000 0.320000 0.592206 1.255960 1.409323 107.729487 58.454197 0.600391 1.114285 0.669006
303 1.000000 1.000000 1.000000 0.440000 0.340000 0.601806 1.256664 1.398145 107.429345 59.278153 0.595246 1.117404 0.665130
304 1.000000 1.000000 1.000000 0.440000 0.360000 0.592715 1.255619 1.402693 107.512269 59.317687 0.597853 1.116715 0.667631
305 1.000000 1.000000 1.000000 0.440000 0.380000 0.598511 1.252928 1.395385 107.350102 60.309151 0.597184 1.118320 0.667843
306 1.000000 1.000000 1.000000 0.440000 0.400000 0.609061 1.253229 1.405255 106.933958 59.625039 0.596901 1.122800 0.670200
307 1.000000 1.000000 1.000000 0.440000 0.420000 0.607013 1.253367 1.402354 107.510089 59.615414 0.594585 1.116773 0.664016
308 1.000000 1.000000 1.000000 0.440000 0.440000 0.595153 1.257737 1.407494 107.696434 59.339066 0.589252 1.114855 0.656930
309 1.000000 1.000000 1.000000 0.440000 0.460000 0.603473 1.260958 1.410328 107.764250 59.467810 0.588534 1.113993 0.655623
310 1.000000 1.000000 1.000000 0.440000 0.480000 0.593682 1.257820 1.412062 107.446859 59.975832 0.594999 1.117535 0.664933
311 1.000000 1.000000 1.000000 0.440000 0.500000 0.599793 1.255923 1.419223 107.254119 60.306656 0.596424 1.119477 0.667683
312 1.000000 1.000000 1.000000 0.480000 0.000000 0.611979 1.255026 1.406406 107.670498 56.079371 0.593073 1.115029 0.661293
313 1.000000 1.000000 1.000000 0.480000 0.020000 0.609123 1.252253 1.411119 107.391262 57.554857 0.595667 1.118595 0.666310
314 1.000000 1.000000 1.000000 0.480000 0.040000 0.605799 1.250703 1.400404 107.177669 56.581214 0.588870 1.121098 0.660181
315 1.000000 1.000000 1.000000 0.480000 0.060000 0.600899 1.255295 1.388534 107.919059 57.103961 0.589019 1.112496 0.655281
316 1.000000 1.000000 1.000000 0.480000 0.080000 0.599277 1.253971 1.411618 107.375383 56.306781 0.590849 1.118172 0.660671
317 1.000000 1.000000 1.000000 0.480000 0.100000 0.611006 1.257439 1.396283 108.094678 56.626049 0.594555 1.110826 0.660447
318 1.000000 1.000000 1.000000 0.480000 0.120000 0.616073 1.256945 1.397763 108.144842 56.814339 0.598935 1.109946 0.664786
319 1.000000 1.000000 1.000000 0.480000 0.140000 0.599121 1.255653 1.407299 107.804935 57.228119 0.591590 1.113454 0.658708
320 1.000000 1.000000 1.000000 0.480000 0.160000 0.597645 1.256831 1.409913 108.041257 56.893574 0.596160 1.111196 0.662451
321 1.000000 1.000000 1.000000 0.480000 0.180000 0.593795 1.250227 1.397563 107.074518 59.137298 0.594341 1.121483 0.666544
322 1.000000 1.000000 1.000000 0.480000 0.200000 0.606574 1.257316 1.402768 107.788389 58.008631 0.596613 1.113747 0.664476
323 1.000000 1.000000 1.000000 0.480000 0.220000 0.606192 1.251818 1.403836 107.265642 58.722435 0.596733 1.119081 0.667793
324 1.000000 1.000000 1.000000 0.480000 0.240000 0.605421 1.250377 1.399599 106.994206 59.069248 0.597297 1.122070 0.670209
325 1.000000 1.000000 1.000000 0.480000 0.260000 0.610625 1.257520 1.403477 107.896095 57.401449 0.594719 1.112687 0.661736
326 1.000000 1.000000 1.000000 0.480000 0.280000 0.598367 1.253049 1.404715 107.279703 58.645719 0.598467 1.118964 0.669662
327 1.000000 1.000000 1.000000 0.480000 0.300000 0.604746 1.256102 1.401866 107.341736 59.592002 0.595345 1.118439 0.665857
328 1.000000 1.000000 1.000000 0.480000 0.320000 0.595374 1.256292 1.399857 107.867533 58.762079 0.592604 1.112981 0.659557
329 1.000000 1.000000 1.000000 0.480000 0.340000 0.593899 1.256662 1.405771 107.390802 58.780072 0.594627 1.117890 0.664728
330 1.000000 1.000000 1.000000 0.480000 0.360000 0.596456 1.254026 1.405868 107.194745 60.604689 0.595284 1.119960 0.666695
331 1.000000 1.000000 1.000000 0.480000 0.380000 0.600887 1.257654 1.408409 107.697800 59.417807 0.589132 1.115162 0.656978
332 1.000000 1.000000 1.000000 0.480000 0.400000 0.594622 1.257665 1.410888 107.420730 59.009689 0.595064 1.117512 0.664991
333 1.000000 1.000000 1.000000 0.480000 0.420000 0.612887 1.254367 1.406135 107.023879 59.481271 0.592754 1.121886 0.665003
334 1.000000 1.000000 1.000000 0.480000 0.440000 0.593680 1.258217 1.411926 107.496525 59.551285 0.593555 1.116808 0.662887
335 1.000000 1.000000 1.000000 0.480000 0.460000 0.609802 1.252512 1.415188 107.175892 59.974539 0.596149 1.120141 0.667771
336 1.000000 1.000000 1.000000 0.480000 0.480000 0.594886 1.251290 1.406807 107.069334 59.884547 0.590163 1.121495 0.661865
337 1.000000 1.000000 1.000000 0.480000 0.500000 0.597989 1.259135 1.400556 108.021577 59.031545 0.591273 1.111683 0.657308
338 1.000000 1.000000 1.000000 0.520000 0.000000 0.601657 1.258455 1.412453 107.984754 55.644173 0.592229 1.111678 0.658368
339 1.000000 1.000000 1.000000 0.520000 0.020000 0.609796 1.254771 1.401140 107.798784 56.325845 0.593273 1.114014 0.660915
340 1.000000 1.000000 1.000000 0.520000 0.040000 0.610761 1.256602 1.400139 107.942085 56.035099 0.586831 1.112145 0.652641
341 1.000000 1.000000 1.000000 0.520000 0.060000 0.594041 1.254908 1.399357 107.961064 56.552164 0.591424 1.112456 0.657933
342 1.000000 1.000000 1.000000 0.520000 0.080000 0.588258 1.253107 1.398813 107.975449 56.074252 0.587016 1.112517 0.653065
343 1.000000 1.000000 1.000000 0.520000 0.100000 0.591229 1.251168 1.405532 107.131701 57.665168 0.591636 1.120704 0.663050
344 1.000000 1.000000 1.000000 0.520000 0.120000 0.601781 1.251514 1.398548 107.569587 57.275806 0.591386 1.116180 0.660093
345 1.000000 1.000000 1.000000 0.520000 0.140000 0.609509 1.252518 1.404007 107.480484 57.671910 0.594410 1.117048 0.663985
346 1.000000 1.000000 1.000000 0.520000 0.160000 0.599960 1.255074 1.410813 107.768129 57.246956 0.594425 1.113838 0.662094
347 1.000000 1.000000 1.000000 0.520000 0.180000 0.618504 1.254017 1.399673 107.707061 56.633375 0.596062 1.114940 0.664574
348 1.000000 1.000000 1.000000 0.520000 0.200000 0.578456 1.256379 1.412642 107.979667 57.424696 0.594591 1.111882 0.661114
349 1.000000 1.000000 1.000000 0.520000 0.220000 0.604164 1.254343 1.408547 107.295855 58.038743 0.597497 1.119042 0.668624
350 1.000000 1.000000 1.000000 0.520000 0.240000 0.604495 1.253313 1.406227 107.296367 59.059284 0.594250 1.119013 0.664973
351 1.000000 1.000000 1.000000 0.520000 0.260000 0.600351 1.260342 1.397544 107.813884 58.296052 0.598440 1.113525 0.666378
352 1.000000 1.000000 1.000000 0.520000 0.280000 0.591908 1.254062 1.404395 107.615574 58.548480 0.596947 1.115547 0.665922
353 1.000000 1.000000 1.000000 0.520000 0.300000 0.593822 1.252094 1.407026 107.375470 58.828501 0.593011 1.118456 0.663257
354 1.000000 1.000000 1.000000 0.520000 0.320000 0.610315 1.253336 1.411210 107.288747 58.837604 0.592320 1.119025 0.662821
355 1.000000 1.000000 1.000000 0.520000 0.340000 0.599510 1.255271 1.391050 107.488041 60.202355 0.592162 1.116721 0.661279
356 1.000000 1.000000 1.000000 0.520000 0.360000 0.590690 1.256403 1.408687 107.593557 59.105235 0.589652 1.115845 0.657960
357 1.000000 1.000000 1.000000 0.520000 0.380000 0.592186 1.254384 1.404467 107.199818 59.462296 0.591918 1.120181 0.663055
358 1.000000 1.000000 1.000000 0.520000 0.400000 0.610605 1.257371 1.407607 107.326284 59.843387 0.596383 1.118521 0.667067
359 1.000000 1.000000 1.000000 0.520000 0.420000 0.589628 1.255167 1.416471 107.302312 59.949664 0.587958 1.118914 0.657874
360 1.000000 1.000000 1.000000 0.520000 0.440000 0.598458 1.258620 1.420427 107.122796 59.757749 0.591684 1.120967 0.663258
361 1.000000 1.000000 1.000000 0.520000 0.460000 0.610075 1.252081 1.399405 106.749900 60.285343 0.593345 1.124435 0.667177
362 1.000000 1.000000 1.000000 0.520000 0.480000 0.597331 1.253218 1.418336 106.908907 60.179978 0.593727 1.122987 0.666748
363 1.000000 1.000000 1.000000 0.520000 0.500000 0.601210 1.257665 1.422516 107.897382 59.056818 0.595585 1.113296 0.663062
364 1.000000 1.000000 1.000000 0.560000 0.000000 0.616854 1.258518 1.403675 107.563495 55.381944 0.585121 1.116363 0.653208
365 1.000000 1.000000 1.000000 0.560000 0.020000 0.594713 1.253202 1.405954 107.227903 57.063425 0.588545 1.119910 0.659118
366 1.000000 1.000000 1.000000 0.560000 0.040000 0.606516 1.255494 1.404485 107.836233 56.636187 0.590136 1.113488 0.657109
367 1.000000 1.000000 1.000000 0.560000 0.060000 0.598107 1.248223 1.404944 107.165255 57.103322 0.584633 1.120200 0.654906
368 1.000000 1.000000 1.000000 0.560000 0.080000 0.603560 1.252571 1.394037 107.980664 56.964247 0.597290 1.111841 0.664092
369 1.000000 1.000000 1.000000 0.560000 0.100000 0.588492 1.254728 1.410371 107.695923 56.374987 0.594731 1.115096 0.663182
370 1.000000 1.000000 1.000000 0.560000 0.120000 0.593752 1.256141 1.399023 107.990648 56.792177 0.591744 1.112369 0.658238
371 1.000000 1.000000 1.000000 0.560000 0.140000 0.600013 1.257539 1.401552 107.692112 57.466889 0.595715 1.114817 0.664114
372 1.000000 1.000000 1.000000 0.560000 0.160000 0.598452 1.253203 1.403092 107.677739 56.547262 0.595842 1.115239 0.664507
373 1.000000 1.000000 1.000000 0.560000 0.180000 0.601160 1.251155 1.408432 107.244970 57.176628 0.593059 1.119531 0.663948
374 1.000000 1.000000 1.000000 0.560000 0.200000 0.594913 1.255948 1.404413 107.744253 57.904289 0.591588 1.114732 0.659462
375 1.000000 1.000000 1.000000 0.560000 0.220000 0.613560 1.249820 1.400323 106.978072 58.156272 0.595403 1.122243 0.668187
376 1.000000 1.000000 1.000000 0.560000 0.240000 0.601670 1.251674 1.401671 107.187713 58.285338 0.594878 1.120219 0.666393
377 1.000000 1.000000 1.000000 0.560000 0.260000 0.610434 1.251912 1.415608 106.899854 58.837783 0.596985 1.123053 0.670445
378 1.000000 1.000000 1.000000 0.560000 0.280000 0.609412 1.250041 1.410351 107.134849 58.894294 0.595272 1.120475 0.666988
379 1.000000 1.000000 1.000000 0.560000 0.300000 0.603605 1.254364 1.401346 107.740028 58.101561 0.594465 1.114243 0.662379
380 1.000000 1.000000 1.000000 0.560000 0.320000 0.602515 1.252520 1.408900 107.130744 59.353634 0.597514 1.120543 0.669540
381 1.000000 1.000000 1.000000 0.560000 0.340000 0.605100 1.256584 1.401404 107.538942 58.358295 0.598252 1.116413 0.667896
382 1.000000 1.000000 1.000000 0.560000 0.360000 0.616633 1.256817 1.400801 107.442438 59.238071 0.592772 1.117334 0.662324
383 1.000000 1.000000 1.000000 0.560000 0.380000 0.585689 1.257198 1.405005 107.438011 60.030242 0.596752 1.117497 0.666869
384 1.000000 1.000000 1.000000 0.560000 0.400000 0.602903 1.255376 1.409540 107.210145 59.929986 0.593669 1.119739 0.664754
385 1.000000 1.000000 1.000000 0.560000 0.420000 0.617656 1.255144 1.404242 107.628552 60.049302 0.598868 1.115460 0.668014
386 1.000000 1.000000 1.000000 0.560000 0.440000 0.586877 1.254785 1.401099 107.514258 59.914902 0.589768 1.116727 0.658611
387 1.000000 1.000000 1.000000 0.560000 0.460000 0.590176 1.256056 1.415200 107.346952 60.371221 0.590502 1.118247 0.660327
388 1.000000 1.000000 1.000000 0.560000 0.480000 0.598676 1.254764 1.409403 107.486972 60.118185 0.596625 1.117066 0.666469
389 1.000000 1.000000 1.000000 0.560000 0.500000 0.602147 1.252658 1.410002 106.820576 60.886453 0.590683 1.123835 0.663830
390 1.000000 1.000000 1.000000 0.600000 0.000000 0.600331 1.248597 1.395355 107.630880 56.567118 0.584384 1.115825 0.652070
391 1.000000 1.000000 1.000000 0.600000 0.020000 0.597107 1.252972 1.418802 107.417943 56.285002 0.591679 1.117784 0.661369
392 1.000000 1.000000 1.000000 0.600000 0.040000 0.609222 1.256534 1.406257 107.916210 56.664870 0.589928 1.112487 0.656287
393 1.000000 1.000000 1.000000 0.600000 0.060000 0.599711 1.252548 1.407388 107.237055 56.638538 0.586145 1.119730 0.656324
394 1.000000 1.000000 1.000000 0.600000 0.080000 0.593788 1.257020 1.396290 107.867375 56.598910 0.585627 1.112990 0.651796
395 1.000000 1.000000 1.000000 0.600000 0.100000 0.591094 1.247131 1.402157 106.851686 57.878965 0.589244 1.123668 0.662115
396 1.000000 1.000000 1.000000 0.600000 0.120000 0.597085 1.251993 1.399320 107.402970 57.784164 0.597310 1.118085 0.667843
397 1.000000 1.000000 1.000000 0.600000 0.140000 0.587118 1.259131 1.398535 108.298496 57.478441 0.591601 1.108593 0.655845
398 1.000000 1.000000 1.000000 0.600000 0.160000 0.608650 1.251496 1.398133 107.371446 56.645561 0.592535 1.117991 0.662448
399 1.000000 1.000000 1.000000 0.600000 0.180000 0.596189 1.259730 1.405190 108.000080 56.332691 0.605027 1.111617 0.672558
400 1.000000 1.000000 1.000000 0.600000 0.200000 0.597588 1.257099 1.401799 107.840676 57.301348 0.595776 1.113166 0.663197
401 1.000000 1.000000 1.000000 0.600000 0.220000 0.597212 1.251952 1.410428 107.116611 57.571031 0.600771 1.120737 0.673307
402 1.000000 1.000000 1.000000 0.600000 0.240000 0.599953 1.255143 1.398587 107.358918 58.509983 0.597852 1.117989 0.668392
403 1.000000 1.000000 1.000000 0.600000 0.260000 0.596743 1.258389 1.401025 108.137848 58.008424 0.598171 1.110386 0.664200
404 1.000000 1.000000 1.000000 0.600000 0.280000 0.585809 1.250260 1.410847 106.796013 60.311144 0.587407 1.124342 0.660446
405 1.000000 1.000000 1.000000 0.600000 0.300000 0.590739 1.255580 1.397078 107.461726 58.855159 0.595181 1.117028 0.664834
406 1.000000 1.000000 1.000000 0.600000 0.320000 0.601899 1.256333 1.404066 107.683990 58.864239 0.594514 1.114997 0.662881
407 1.000000 1.000000 1.000000 0.600000 0.340000 0.591671 1.252475 1.414184 107.383891 59.608615 0.601481 1.117905 0.672399
408 1.000000 1.000000 1.000000 0.600000 0.360000 0.609133 1.257225 1.405500 107.504230 59.273773 0.597574 1.116912 0.667437
409 1.000000 1.000000 1.000000 0.600000 0.380000 0.593918 1.255068 1.409143 107.453696 59.097922 0.592715 1.117285 0.662232
410 1.000000 1.000000 1.000000 0.600000 0.400000 0.599754 1.261234 1.403110 107.660552 59.299689 0.591494 1.114970 0.659498
411 1.000000 1.000000 1.000000 0.600000 0.420000 0.610000 1.259026 1.408488 107.601452 59.130439 0.597109 1.115669 0.666176
412 1.000000 1.000000 1.000000 0.600000 0.440000 0.602525 1.257383 1.411648 107.304406 59.556202 0.593738 1.118707 0.664219
413 1.000000 1.000000 1.000000 0.600000 0.460000 0.606527 1.255432 1.400912 107.304094 60.482982 0.599500 1.118783 0.670711
414 1.000000 1.000000 1.000000 0.600000 0.480000 0.602603 1.261724 1.412250 107.559224 59.491994 0.593248 1.116000 0.662065
415 1.000000 1.000000 1.000000 0.600000 0.500000 0.607505 1.257090 1.416402 107.367839 60.085436 0.588592 1.118357 0.658257
416 1.000000 1.000000 1.000000 0.640000 0.000000 0.594398 1.258998 1.397609 108.305936 55.509352 0.589697 1.109058 0.654008
417 1.000000 1.000000 1.000000 0.640000 0.020000 0.609135 1.256911 1.404308 108.200107 55.928154 0.584206 1.109601 0.648236
418 1.000000 1.000000 1.000000 0.640000 0.040000 0.596788 1.255813 1.397196 107.673636 56.666314 0.588884 1.114953 0.656578
419 1.000000 1.000000 1.000000 0.640000 0.060000 0.594340 1.255682 1.406887 108.046953 56.129603 0.596982 1.111341 0.663451
420 1.000000 1.000000 1.000000 0.640000 0.080000 0.598374 1.255000 1.402919 107.673831 56.482176 0.587453 1.115812 0.655487
421 1.000000 1.000000 1.000000 0.640000 0.100000 0.597021 1.256990 1.399013 107.721801 56.444561 0.593807 1.114393 0.661735
422 1.000000 1.000000 1.000000 0.640000 0.120000 0.593253 1.255902 1.409260 107.894086 56.445063 0.590843 1.112673 0.657415
423 1.000000 1.000000 1.000000 0.640000 0.140000 0.593791 1.257203 1.405253 108.031771 57.194592 0.598516 1.111606 0.665313
424 1.000000 1.000000 1.000000 0.640000 0.160000 0.609935 1.253839 1.388726 107.536416 56.654087 0.589838 1.116527 0.658570
425 1.000000 1.000000 1.000000 0.640000 0.180000 0.582967 1.253339 1.411520 107.502696 58.267294 0.597881 1.116980 0.667822
426 1.000000 1.000000 1.000000 0.640000 0.200000 0.599314 1.255469 1.414950 107.402104 57.083722 0.587366 1.117936 0.656638
427 1.000000 1.000000 1.000000 0.640000 0.220000 0.587797 1.259430 1.410741 107.612428 58.668263 0.594509 1.118217 0.664790
428 1.000000 1.000000 1.000000 0.640000 0.240000 0.605281 1.255327 1.401252 107.387370 57.844114 0.591350 1.117805 0.661014
429 1.000000 1.000000 1.000000 0.640000 0.260000 0.593625 1.259291 1.409954 107.845154 58.028659 0.594301 1.113118 0.661527
430 1.000000 1.000000 1.000000 0.640000 0.280000 0.594721 1.256198 1.407218 107.569685 58.832496 0.596320 1.115954 0.665465
431 1.000000 1.000000 1.000000 0.640000 0.300000 0.597575 1.255472 1.401120 107.201503 59.347562 0.598816 1.119694 0.670491
432 1.000000 1.000000 1.000000 0.640000 0.320000 0.587917 1.255522 1.403288 107.619813 59.563790 0.591112 1.115665 0.659483
433 1.000000 1.000000 1.000000 0.640000 0.340000 0.605014 1.249624 1.411700 106.656298 59.319091 0.597049 1.125532 0.671998
434 1.000000 1.000000 1.000000 0.640000 0.360000 0.604671 1.251281 1.404493 107.047928 60.599071 0.595513 1.121442 0.667833
435 1.000000 1.000000 1.000000 0.640000 0.380000 0.594897 1.259762 1.396523 107.828570 60.119368 0.594694 1.113359 0.662108
436 1.000000 1.000000 1.000000 0.640000 0.400000 0.594124 1.250089 1.404190 106.958044 60.645838 0.596697 1.122621 0.669865
437 1.000000 1.000000 1.000000 0.640000 0.420000 0.595512 1.259659 1.402909 107.823666 59.149898 0.593034 1.113442 0.660309
438 1.000000 1.000000 1.000000 0.640000 0.440000 0.601701 1.256074 1.401332 107.353985 60.368630 0.591893 1.118429 0.661991
439 1.000000 1.000000 1.000000 0.640000 0.460000 0.604280 1.260638 1.401341 107.523570 59.634299 0.594457 1.116614 0.663779
440 1.000000 1.000000 1.000000 0.640000 0.480000 0.613675 1.256017 1.408619 107.457578 60.205621 0.593569 1.117395 0.663251
441 1.000000 1.000000 1.000000 0.640000 0.500000 0.617827 1.256824 1.408037 107.740511 60.533033 0.597368 1.114331 0.665666
442 1.000000 1.000000 1.000000 0.680000 0.000000 0.598106 1.254853 1.403793 107.603258 56.235701 0.591024 1.116370 0.659802
443 1.000000 1.000000 1.000000 0.680000 0.020000 0.592570 1.259941 1.404504 107.891356 56.112683 0.591367 1.112685 0.658006
444 1.000000 1.000000 1.000000 0.680000 0.040000 0.599265 1.255144 1.400196 107.674476 55.964098 0.593083 1.114872 0.661211
445 1.000000 1.000000 1.000000 0.680000 0.060000 0.599681 1.253648 1.405584 107.723265 55.839248 0.586932 1.114529 0.654152
446 1.000000 1.000000 1.000000 0.680000 0.080000 0.600588 1.255721 1.399724 108.324416 55.820164 0.593851 1.108326 0.658181
447 1.000000 1.000000 1.000000 0.680000 0.100000 0.594369 1.254619 1.402820 107.479809 56.190831 0.593440 1.116875 0.662798
448 1.000000 1.000000 1.000000 0.680000 0.120000 0.595966 1.258792 1.396607 107.919016 56.613787 0.597667 1.112564 0.664943
449 1.000000 1.000000 1.000000 0.680000 0.140000 0.598168 1.251925 1.397753 107.496606 57.288619 0.594219 1.116838 0.663646
450 1.000000 1.000000 1.000000 0.680000 0.160000 0.605222 1.256553 1.397269 107.910193 56.570008 0.592392 1.112601 0.659096
451 1.000000 1.000000 1.000000 0.680000 0.180000 0.598237 1.258089 1.411320 107.865000 56.929544 0.596331 1.113157 0.663809
452 1.000000 1.000000 1.000000 0.680000 0.200000 0.599027 1.257396 1.397955 107.749280 57.713567 0.594875 1.114178 0.662796
453 1.000000 1.000000 1.000000 0.680000 0.220000 0.603483 1.257646 1.405709 107.579351 57.981532 0.597413 1.116030 0.666731
454 1.000000 1.000000 1.000000 0.680000 0.240000 0.596291 1.251102 1.409253 107.247483 58.150401 0.597077 1.119931 0.668685
455 1.000000 1.000000 1.000000 0.680000 0.260000 0.588431 1.251985 1.408222 107.257716 58.899066 0.594193 1.119693 0.665314
456 1.000000 1.000000 1.000000 0.680000 0.280000 0.593501 1.251933 1.409880 107.415725 58.575863 0.597082 1.117660 0.667334
457 1.000000 1.000000 1.000000 0.680000 0.300000 0.598208 1.249878 1.403024 107.301222 59.503885 0.598769 1.118988 0.670015
458 1.000000 1.000000 1.000000 0.680000 0.320000 0.601561 1.255557 1.415260 107.389692 58.795648 0.593223 1.118039 0.663247
459 1.000000 1.000000 1.000000 0.680000 0.340000 0.599667 1.252009 1.400412 107.024254 60.138957 0.593596 1.121983 0.666005
460 1.000000 1.000000 1.000000 0.680000 0.360000 0.600713 1.250779 1.418591 106.959017 60.159251 0.592749 1.122476 0.665347
461 1.000000 1.000000 1.000000 0.680000 0.380000 0.603140 1.256227 1.403826 107.694084 59.211162 0.595395 1.114570 0.663610
462 1.000000 1.000000 1.000000 0.680000 0.400000 0.610107 1.251519 1.401372 107.286703 59.598674 0.593432 1.118999 0.664050
463 1.000000 1.000000 1.000000 0.680000 0.420000 0.597837 1.258318 1.404184 107.663250 59.418785 0.593116 1.114988 0.661317
464 1.000000 1.000000 1.000000 0.680000 0.440000 0.599465 1.256580 1.404764 107.152360 61.449327 0.594755 1.120408 0.666368
465 1.000000 1.000000 1.000000 0.680000 0.460000 0.598771 1.261699 1.420657 107.621699 59.783621 0.596189 1.115604 0.665111
466 1.000000 1.000000 1.000000 0.680000 0.480000 0.607905 1.253950 1.415875 107.155126 60.548777 0.590689 1.120457 0.661842
467 1.000000 1.000000 1.000000 0.680000 0.500000 0.599384 1.257442 1.421927 107.312003 60.081678 0.588711 1.118920 0.658720
468 1.000000 1.000000 1.000000 0.720000 0.000000 0.609987 1.254677 1.395966 107.762746 56.019254 0.592224 1.114147 0.659825
469 1.000000 1.000000 1.000000 0.720000 0.020000 0.593278 1.257899 1.395937 108.133543 55.625978 0.590299 1.110580 0.655574
470 1.000000 1.000000 1.000000 0.720000 0.040000 0.597407 1.253194 1.420841 106.702865 57.383755 0.588588 1.133683 0.667272
471 1.000000 1.000000 1.000000 0.720000 0.060000 0.598581 1.256168 1.412067 107.951915 55.712548 0.595941 1.112354 0.662898
472 1.000000 1.000000 1.000000 0.720000 0.080000 0.598188 1.254743 1.403647 107.490548 57.092679 0.596403 1.116839 0.666086
473 1.000000 1.000000 1.000000 0.720000 0.100000 0.596270 1.256248 1.393857 107.952839 56.144778 0.594815 1.112308 0.661618
474 1.000000 1.000000 1.000000 0.720000 0.120000 0.594558 1.257420 1.407590 108.214274 56.595807 0.597535 1.109461 0.662942
475 1.000000 1.000000 1.000000 0.720000 0.140000 0.603867 1.252650 1.403188 107.438759 56.928455 0.590908 1.117455 0.660313
476 1.000000 1.000000 1.000000 0.720000 0.160000 0.582367 1.257688 1.407135 107.961915 57.023410 0.587603 1.112289 0.653584
477 1.000000 1.000000 1.000000 0.720000 0.180000 0.598644 1.255947 1.403085 107.602107 56.719789 0.594270 1.115730 0.663044
478 1.000000 1.000000 1.000000 0.720000 0.200000 0.602785 1.259191 1.400826 107.964625 56.700933 0.597153 1.111930 0.663992
479 1.000000 1.000000 1.000000 0.720000 0.220000 0.596360 1.248820 1.402483 107.092354 58.314278 0.598601 1.120979 0.671019
480 1.000000 1.000000 1.000000 0.720000 0.240000 0.599288 1.257809 1.395656 107.521702 58.329328 0.591636 1.116615 0.660629
481 1.000000 1.000000 1.000000 0.720000 0.260000 0.596552 1.250071 1.398216 106.912638 59.106827 0.593740 1.122879 0.666698
482 1.000000 1.000000 1.000000 0.720000 0.280000 0.602692 1.246883 1.411640 106.826361 59.205230 0.595129 1.123788 0.668799
483 1.000000 1.000000 1.000000 0.720000 0.300000 0.607355 1.253483 1.397495 107.370534 59.259250 0.596465 1.117987 0.666840
484 1.000000 1.000000 1.000000 0.720000 0.320000 0.600751 1.254400 1.406344 107.366494 59.951030 0.592977 1.118078 0.662994
485 1.000000 1.000000 1.000000 0.720000 0.340000 0.608959 1.253777 1.411802 107.424085 59.702489 0.592303 1.117776 0.662062
486 1.000000 1.000000 1.000000 0.720000 0.360000 0.601413 1.250231 1.411541 106.875859 59.941556 0.592304 1.123298 0.665334
487 1.000000 1.000000 1.000000 0.720000 0.380000 0.582267 1.258164 1.408558 107.687665 60.411570 0.602220 1.114986 0.671467
488 1.000000 1.000000 1.000000 0.720000 0.400000 0.605789 1.247385 1.411250 106.701354 60.947480 0.592751 1.125290 0.667017
489 1.000000 1.000000 1.000000 0.720000 0.420000 0.608424 1.257164 1.403428 107.491149 60.346258 0.591981 1.116863 0.661162
490 1.000000 1.000000 1.000000 0.720000 0.440000 0.609918 1.259415 1.420690 107.664788 59.742035 0.588917 1.114980 0.656630
491 1.000000 1.000000 1.000000 0.720000 0.460000 0.608304 1.252370 1.412395 106.885425 61.188432 0.593543 1.123093 0.666604
492 1.000000 1.000000 1.000000 0.720000 0.480000 0.612851 1.253071 1.397659 106.851599 60.890180 0.592712 1.123513 0.665920
493 1.000000 1.000000 1.000000 0.720000 0.500000 0.595364 1.255760 1.407435 107.075474 61.051057 0.592140 1.121738 0.664226
494 1.000000 1.000000 1.000000 0.760000 0.000000 0.601454 1.254434 1.402711 107.948073 56.479528 0.588885 1.112669 0.655234
495 1.000000 1.000000 1.000000 0.760000 0.020000 0.585755 1.256771 1.409579 107.946526 55.972057 0.591893 1.112210 0.658309
496 1.000000 1.000000 1.000000 0.760000 0.040000 0.597555 1.255322 1.399007 107.520829 57.239523 0.590470 1.116583 0.659308
497 1.000000 1.000000 1.000000 0.760000 0.060000 0.589963 1.257554 1.405695 108.027192 55.413697 0.589898 1.111643 0.655756
498 1.000000 1.000000 1.000000 0.760000 0.080000 0.594318 1.257106 1.403548 107.804485 55.581168 0.588656 1.113713 0.655593
499 1.000000 1.000000 1.000000 0.760000 0.100000 0.594676 1.253789 1.404922 107.827801 55.903499 0.600799 1.113377 0.668916
500 1.000000 1.000000 1.000000 0.760000 0.120000 0.619730 1.256008 1.393105 107.691566 56.976331 0.596182 1.114951 0.664714
501 1.000000 1.000000 1.000000 0.760000 0.140000 0.605044 1.252281 1.401441 107.379282 57.244051 0.596013 1.118286 0.666513
502 1.000000 1.000000 1.000000 0.760000 0.160000 0.600330 1.254698 1.399933 107.706162 57.209767 0.593835 1.114648 0.661917
503 1.000000 1.000000 1.000000 0.760000 0.180000 0.589228 1.251450 1.398984 107.139855 57.587927 0.591979 1.120468 0.663294
504 1.000000 1.000000 1.000000 0.760000 0.200000 0.594247 1.258883 1.403580 108.060695 56.450808 0.598298 1.110863 0.664627
505 1.000000 1.000000 1.000000 0.760000 0.220000 0.595396 1.250691 1.406534 107.166210 58.135460 0.596294 1.120381 0.668077
506 1.000000 1.000000 1.000000 0.760000 0.240000 0.592593 1.254930 1.398125 107.838440 56.971815 0.595926 1.113410 0.663510
507 1.000000 1.000000 1.000000 0.760000 0.260000 0.598322 1.257194 1.404523 107.685098 58.414134 0.599927 1.114920 0.668871
508 1.000000 1.000000 1.000000 0.760000 0.280000 0.604723 1.254467 1.407611 107.033564 58.440692 0.594698 1.121815 0.667141
509 1.000000 1.000000 1.000000 0.760000 0.300000 0.595141 1.255626 1.411469 107.362364 58.584277 0.596468 1.118168 0.666952
510 1.000000 1.000000 1.000000 0.760000 0.320000 0.596877 1.255975 1.401078 107.411222 59.266060 0.589496 1.117629 0.658838
511 1.000000 1.000000 1.000000 0.760000 0.340000 0.595095 1.252797 1.402622 107.352341 59.731554 0.593642 1.118338 0.663892
512 1.000000 1.000000 1.000000 0.760000 0.360000 0.595048 1.249518 1.401428 106.975324 60.315463 0.593424 1.122546 0.666146
513 1.000000 1.000000 1.000000 0.760000 0.380000 0.602396 1.254365 1.403607 107.266600 59.814236 0.595688 1.119184 0.666685
514 1.000000 1.000000 1.000000 0.760000 0.400000 0.617819 1.257757 1.407525 106.854953 60.881026 0.592473 1.127805 0.668194
515 1.000000 1.000000 1.000000 0.760000 0.420000 0.603968 1.254000 1.407072 107.324908 59.588002 0.593239 1.118640 0.663621
516 1.000000 1.000000 1.000000 0.760000 0.440000 0.612546 1.250801 1.411624 107.298544 59.955664 0.588383 1.119023 0.658414
517 1.000000 1.000000 1.000000 0.760000 0.460000 0.614634 1.257108 1.411631 107.301801 59.769910 0.595798 1.118858 0.666614
518 1.000000 1.000000 1.000000 0.760000 0.480000 0.611310 1.256716 1.410780 107.131424 59.865166 0.588685 1.120753 0.659771
519 1.000000 1.000000 1.000000 0.760000 0.500000 0.601435 1.257348 1.414855 107.489049 59.592277 0.586657 1.117060 0.655331
520 1.000000 1.000000 1.000000 0.800000 0.000000 0.596275 1.260367 1.399800 108.102063 54.774957 0.587111 1.110882 0.652211
521 1.000000 1.000000 1.000000 0.800000 0.020000 0.596443 1.262212 1.401663 108.437184 55.434816 0.591852 1.107541 0.655500
522 1.000000 1.000000 1.000000 0.800000 0.040000 0.603613 1.258576 1.407750 108.064034 55.836913 0.591639 1.111138 0.657393
523 1.000000 1.000000 1.000000 0.800000 0.060000 0.598769 1.258141 1.398387 108.067192 56.306646 0.587633 1.111068 0.652901
524 1.000000 1.000000 1.000000 0.800000 0.080000 0.592515 1.250099 1.406920 107.277378 55.847700 0.590185 1.119200 0.660535
525 1.000000 1.000000 1.000000 0.800000 0.100000 0.593630 1.257377 1.396218 107.836332 56.822058 0.592335 1.113383 0.659496
526 1.000000 1.000000 1.000000 0.800000 0.120000 0.607041 1.257971 1.411366 107.910335 55.136390 0.592446 1.112617 0.659165
527 1.000000 1.000000 1.000000 0.800000 0.140000 0.585859 1.255558 1.404890 107.776846 56.052268 0.601241 1.113973 0.669766
528 1.000000 1.000000 1.000000 0.800000 0.160000 0.596934 1.256182 1.402952 107.897432 56.944880 0.590450 1.112993 0.657167
529 1.000000 1.000000 1.000000 0.800000 0.180000 0.602706 1.252411 1.404051 107.613104 57.117730 0.590665 1.116152 0.659272
530 1.000000 1.000000 1.000000 0.800000 0.200000 0.595138 1.252270 1.395686 107.429841 57.694475 0.590809 1.117896 0.660463
531 1.000000 1.000000 1.000000 0.800000 0.220000 0.604151 1.253722 1.413025 107.206927 58.353922 0.594178 1.120014 0.665487
532 1.000000 1.000000 1.000000 0.800000 0.240000 0.584603 1.257024 1.400891 107.875848 58.051694 0.597499 1.112919 0.664967
533 1.000000 1.000000 1.000000 0.800000 0.260000 0.595768 1.254841 1.402317 107.702876 58.896116 0.596006 1.114691 0.664362
534 1.000000 1.000000 1.000000 0.800000 0.280000 0.594098 1.249848 1.403576 106.949169 59.268648 0.597881 1.122743 0.671267
535 1.000000 1.000000 1.000000 0.800000 0.300000 0.616338 1.252835 1.397287 107.143977 59.445478 0.591391 1.120414 0.662602
536 1.000000 1.000000 1.000000 0.800000 0.320000 0.606904 1.250886 1.406918 106.960826 59.067162 0.596827 1.122180 0.669748
537 1.000000 1.000000 1.000000 0.800000 0.340000 0.586057 1.260178 1.402006 108.061917 59.131379 0.594554 1.111190 0.660662
538 1.000000 1.000000 1.000000 0.800000 0.360000 0.615830 1.258072 1.400461 107.473333 58.859813 0.594397 1.117003 0.663943
539 1.000000 1.000000 1.000000 0.800000 0.380000 0.592021 1.255584 1.401702 107.564172 59.864757 0.588820 1.116129 0.657199
540 1.000000 1.000000 1.000000 0.800000 0.400000 0.607078 1.254484 1.414966 107.193560 60.040203 0.593203 1.119920 0.664340
541 1.000000 1.000000 1.000000 0.800000 0.420000 0.600325 1.259535 1.415841 107.761629 59.315093 0.590610 1.114143 0.658024
542 1.000000 1.000000 1.000000 0.800000 0.440000 0.600536 1.254604 1.421964 106.976641 59.922988 0.590483 1.122189 0.662634
543 1.000000 1.000000 1.000000 0.800000 0.460000 0.608184 1.259315 1.405754 107.784141 60.022673 0.596137 1.113874 0.664021
544 1.000000 1.000000 1.000000 0.800000 0.480000 0.612486 1.252646 1.410259 106.616167 61.107100 0.591591 1.126159 0.666226
545 1.000000 1.000000 1.000000 0.800000 0.500000 0.614799 1.253226 1.418781 107.309923 60.444416 0.587101 1.118916 0.656916
546 1.000000 1.000000 1.000000 0.840000 0.000000 0.598540 1.251143 1.408592 107.444862 56.266826 0.590132 1.117947 0.659737
547 1.000000 1.000000 1.000000 0.840000 0.020000 0.590286 1.256330 1.401750 107.712640 56.285924 0.591962 1.114640 0.659825
548 1.000000 1.000000 1.000000 0.840000 0.040000 0.590022 1.257461 1.408917 107.994560 55.522851 0.590553 1.111726 0.656533
549 1.000000 1.000000 1.000000 0.840000 0.060000 0.603842 1.259576 1.398884 108.171582 55.813369 0.591362 1.109865 0.656331
550 1.000000 1.000000 1.000000 0.840000 0.080000 0.595919 1.249659 1.396370 106.864655 57.198328 0.586926 1.123613 0.659478
551 1.000000 1.000000 1.000000 0.840000 0.100000 0.604600 1.255337 1.412202 107.648966 56.250369 0.592293 1.115548 0.660731
552 1.000000 1.000000 1.000000 0.840000 0.120000 0.586290 1.252511 1.409558 107.580504 57.437245 0.588549 1.116179 0.656926
553 1.000000 1.000000 1.000000 0.840000 0.140000 0.603915 1.254260 1.412362 107.182152 56.351760 0.589747 1.119963 0.660495
554 1.000000 1.000000 1.000000 0.840000 0.160000 0.594412 1.256893 1.411530 107.482963 57.353280 0.593591 1.117781 0.663505
555 1.000000 1.000000 1.000000 0.840000 0.180000 0.588278 1.252481 1.407166 107.264499 56.919235 0.595793 1.119357 0.666905
556 1.000000 1.000000 1.000000 0.840000 0.200000 0.588680 1.254892 1.398137 107.577629 57.235948 0.594295 1.116240 0.663376
557 1.000000 1.000000 1.000000 0.840000 0.220000 0.608732 1.256350 1.402151 107.549989 57.272681 0.597539 1.116272 0.667016
558 1.000000 1.000000 1.000000 0.840000 0.240000 0.604490 1.253655 1.408998 107.265193 57.559929 0.598383 1.119087 0.669643
559 1.000000 1.000000 1.000000 0.840000 0.260000 0.589394 1.253970 1.408873 107.734306 57.630323 0.589509 1.114646 0.657094
560 1.000000 1.000000 1.000000 0.840000 0.280000 0.609105 1.248608 1.402470 106.855958 59.646345 0.593313 1.123424 0.666542
561 1.000000 1.000000 1.000000 0.840000 0.300000 0.604984 1.253599 1.411319 107.234015 58.443695 0.594470 1.119647 0.665597
562 1.000000 1.000000 1.000000 0.840000 0.320000 0.606580 1.253859 1.396497 107.542785 58.912475 0.596413 1.116361 0.665812
563 1.000000 1.000000 1.000000 0.840000 0.340000 0.602830 1.258018 1.395779 107.472217 59.468447 0.591168 1.116984 0.660325
564 1.000000 1.000000 1.000000 0.840000 0.360000 0.600349 1.253024 1.404114 107.149613 59.741057 0.588758 1.120247 0.659554
565 1.000000 1.000000 1.000000 0.840000 0.380000 0.601360 1.259153 1.405067 107.820803 58.971795 0.588091 1.113690 0.654952
566 1.000000 1.000000 1.000000 0.840000 0.400000 0.600215 1.254523 1.402839 107.005513 60.318902 0.590245 1.121957 0.662230
567 1.000000 1.000000 1.000000 0.840000 0.420000 0.603559 1.252527 1.413166 107.306038 60.023588 0.591841 1.118852 0.662182
568 1.000000 1.000000 1.000000 0.840000 0.440000 0.614142 1.251480 1.410817 106.654543 60.244533 0.595340 1.125592 0.670110
569 1.000000 1.000000 1.000000 0.840000 0.460000 0.608781 1.255752 1.401852 107.196733 61.197676 0.590382 1.120085 0.661279
570 1.000000 1.000000 1.000000 0.840000 0.480000 0.605847 1.254593 1.417523 107.049046 60.744443 0.588198 1.121479 0.659652
571 1.000000 1.000000 1.000000 0.840000 0.500000 0.605255 1.251213 1.422884 106.516642 61.630856 0.592040 1.127014 0.667237
572 1.000000 1.000000 1.000000 0.880000 0.000000 0.604208 1.254405 1.397741 107.776614 55.291186 0.585981 1.114059 0.652818
573 1.000000 1.000000 1.000000 0.880000 0.020000 0.592228 1.255290 1.383564 108.093860 55.940168 0.589211 1.110761 0.654473
574 1.000000 1.000000 1.000000 0.880000 0.040000 0.600255 1.257077 1.398994 108.092641 55.787451 0.597367 1.111111 0.663741
575 1.000000 1.000000 1.000000 0.880000 0.060000 0.598890 1.254172 1.392572 107.885183 55.732716 0.591670 1.113181 0.658636
576 1.000000 1.000000 1.000000 0.880000 0.080000 0.596115 1.258871 1.402965 108.226950 55.630389 0.595974 1.109755 0.661385
577 1.000000 1.000000 1.000000 0.880000 0.100000 0.597977 1.255676 1.404806 108.364794 55.836597 0.592957 1.108216 0.657125
578 1.000000 1.000000 1.000000 0.880000 0.120000 0.610987 1.253770 1.398683 107.487119 56.270911 0.593333 1.116911 0.662700
579 1.000000 1.000000 1.000000 0.880000 0.140000 0.593916 1.260174 1.390252 108.286389 55.988022 0.601283 1.108774 0.666687
580 1.000000 1.000000 1.000000 0.880000 0.160000 0.597521 1.256827 1.405138 107.943288 56.240894 0.590304 1.112263 0.656573
581 1.000000 1.000000 1.000000 0.880000 0.180000 0.603365 1.254097 1.406122 107.109729 57.801145 0.593463 1.120716 0.665104
582 1.000000 1.000000 1.000000 0.880000 0.200000 0.599711 1.252530 1.401500 107.739393 57.270771 0.600341 1.114323 0.668973
583 1.000000 1.000000 1.000000 0.880000 0.220000 0.605359 1.257003 1.395723 108.004920 57.519150 0.598103 1.111613 0.664859
584 1.000000 1.000000 1.000000 0.880000 0.240000 0.595693 1.252866 1.396591 107.528844 58.341881 0.589843 1.116595 0.658616
585 1.000000 1.000000 1.000000 0.880000 0.260000 0.591384 1.253852 1.397042 107.770105 58.134714 0.599998 1.114139 0.668481
586 1.000000 1.000000 1.000000 0.880000 0.280000 0.601785 1.253049 1.405780 107.254174 58.671087 0.592434 1.119316 0.663121
587 1.000000 1.000000 1.000000 0.880000 0.300000 0.590465 1.255356 1.401869 107.368677 59.204162 0.598730 1.118369 0.669601
588 1.000000 1.000000 1.000000 0.880000 0.320000 0.607657 1.251987 1.408583 106.931622 59.580565 0.592972 1.122726 0.665745
589 1.000000 1.000000 1.000000 0.880000 0.340000 0.612782 1.254571 1.404991 107.239589 59.528859 0.594188 1.119680 0.665300
590 1.000000 1.000000 1.000000 0.880000 0.360000 0.605459 1.257156 1.404653 107.419093 59.675654 0.591891 1.117610 0.661503
591 1.000000 1.000000 1.000000 0.880000 0.380000 0.597162 1.256455 1.403461 107.583437 59.915063 0.596274 1.115940 0.665406
592 1.000000 1.000000 1.000000 0.880000 0.400000 0.610559 1.246521 1.403714 106.671670 61.283791 0.594238 1.125408 0.668760
593 1.000000 1.000000 1.000000 0.880000 0.420000 0.600604 1.259349 1.410213 107.431123 60.148974 0.591645 1.118084 0.661509
594 1.000000 1.000000 1.000000 0.880000 0.440000 0.600152 1.252994 1.396694 107.540532 60.618015 0.588533 1.116828 0.657290
595 1.000000 1.000000 1.000000 0.880000 0.460000 0.606046 1.253605 1.406701 107.104672 61.086050 0.587680 1.121008 0.658794
596 1.000000 1.000000 1.000000 0.880000 0.480000 0.611842 1.254255 1.407488 107.007917 60.134919 0.589086 1.121877 0.660882
597 1.000000 1.000000 1.000000 0.880000 0.500000 0.606285 1.253735 1.421577 106.980496 60.501266 0.588873 1.122089 0.660768
598 1.000000 1.000000 1.000000 0.920000 0.000000 0.581703 1.257153 1.415397 108.137907 54.751127 0.597896 1.110613 0.664031
599 1.000000 1.000000 1.000000 0.920000 0.020000 0.573883 1.260042 1.396513 108.461590 55.828199 0.588975 1.107287 0.652165
600 1.000000 1.000000 1.000000 0.920000 0.040000 0.582273 1.252200 1.397816 107.582042 55.858854 0.585435 1.116235 0.653483
601 1.000000 1.000000 1.000000 0.920000 0.060000 0.585815 1.256099 1.398612 107.871117 56.357636 0.594991 1.113090 0.662279
602 1.000000 1.000000 1.000000 0.920000 0.080000 0.602289 1.256992 1.406479 107.559489 56.324017 0.591474 1.116210 0.660209
603 1.000000 1.000000 1.000000 0.920000 0.100000 0.592306 1.251103 1.399524 107.217132 56.299088 0.591833 1.120035 0.662873
604 1.000000 1.000000 1.000000 0.920000 0.120000 0.585730 1.250481 1.401192 107.104695 56.826563 0.597985 1.121068 0.670382
605 1.000000 1.000000 1.000000 0.920000 0.140000 0.587582 1.250157 1.408013 107.301663 55.920036 0.596410 1.119081 0.667431
606 1.000000 1.000000 1.000000 0.920000 0.160000 0.593023 1.258733 1.404404 107.931147 56.986478 0.597653 1.112127 0.664666
607 1.000000 1.000000 1.000000 0.920000 0.180000 0.601344 1.256685 1.405188 107.469315 57.209302 0.596036 1.117201 0.665892
608 1.000000 1.000000 1.000000 0.920000 0.200000 0.593496 1.250876 1.405602 107.169192 57.122715 0.588773 1.120275 0.659587
609 1.000000 1.000000 1.000000 0.920000 0.220000 0.602873 1.253711 1.404594 107.460623 57.888817 0.596402 1.117174 0.666285
610 1.000000 1.000000 1.000000 0.920000 0.240000 0.595866 1.255178 1.402071 107.628478 57.713250 0.596456 1.115699 0.665466
611 1.000000 1.000000 1.000000 0.920000 0.260000 0.610110 1.253540 1.395639 107.426810 58.610401 0.599220 1.117573 0.669672
612 1.000000 1.000000 1.000000 0.920000 0.280000 0.593570 1.254300 1.398807 107.123990 58.858967 0.590555 1.120740 0.661859
613 1.000000 1.000000 1.000000 0.920000 0.300000 0.591565 1.251471 1.402407 106.854988 60.389401 0.593538 1.123774 0.667002
614 1.000000 1.000000 1.000000 0.920000 0.320000 0.594705 1.252193 1.410572 106.968439 59.335503 0.594586 1.122528 0.667440
615 1.000000 1.000000 1.000000 0.920000 0.340000 0.610582 1.257295 1.411240 107.464763 59.305144 0.596287 1.117279 0.666219
616 1.000000 1.000000 1.000000 0.920000 0.360000 0.612613 1.256714 1.405118 107.524460 60.067901 0.594167 1.116595 0.663444
617 1.000000 1.000000 1.000000 0.920000 0.380000 0.589312 1.256521 1.396742 107.355409 60.942080 0.594486 1.118139 0.664718
618 1.000000 1.000000 1.000000 0.920000 0.400000 0.604560 1.257304 1.397332 107.410065 60.101616 0.595098 1.117614 0.665090
619 1.000000 1.000000 1.000000 0.920000 0.420000 0.615841 1.253461 1.407127 106.990159 61.103407 0.593085 1.121913 0.665390
620 1.000000 1.000000 1.000000 0.920000 0.440000 0.597133 1.251953 1.409586 107.277084 60.215532 0.594599 1.119021 0.665368
621 1.000000 1.000000 1.000000 0.920000 0.460000 0.607902 1.255821 1.404911 107.186149 61.751269 0.591223 1.119995 0.662166
622 1.000000 1.000000 1.000000 0.920000 0.480000 0.611103 1.251644 1.406998 106.767689 61.574480 0.594193 1.124645 0.668256
623 1.000000 1.000000 1.000000 0.920000 0.500000 0.613778 1.258254 1.424667 107.236841 60.027206 0.587184 1.119603 0.657414
624 1.000000 1.000000 1.000000 0.960000 0.000000 0.610068 1.253164 1.401035 107.486975 55.263821 0.593172 1.116745 0.662422
625 1.000000 1.000000 1.000000 0.960000 0.020000 0.594244 1.260749 1.406141 107.949653 55.142425 0.590560 1.112311 0.656886
626 1.000000 1.000000 1.000000 0.960000 0.040000 0.607546 1.253463 1.403274 107.407922 55.675998 0.589761 1.117651 0.659147
627 1.000000 1.000000 1.000000 0.960000 0.060000 0.585838 1.253461 1.401380 107.551553 56.606204 0.592946 1.116345 0.661932
628 1.000000 1.000000 1.000000 0.960000 0.080000 0.586684 1.259012 1.394311 108.222215 55.730301 0.593805 1.109607 0.658890
629 1.000000 1.000000 1.000000 0.960000 0.100000 0.588049 1.253393 1.421208 107.623311 56.344069 0.592478 1.115763 0.661065
630 1.000000 1.000000 1.000000 0.960000 0.120000 0.606628 1.256986 1.403087 108.021971 56.334734 0.596044 1.111570 0.662544
631 1.000000 1.000000 1.000000 0.960000 0.140000 0.592419 1.252483 1.402067 107.856927 57.043049 0.595869 1.113857 0.663713
632 1.000000 1.000000 1.000000 0.960000 0.160000 0.586872 1.255334 1.401785 107.774560 56.049623 0.593913 1.114133 0.661698
633 1.000000 1.000000 1.000000 0.960000 0.180000 0.604836 1.252962 1.402999 107.299991 56.447880 0.597593 1.118911 0.668654
634 1.000000 1.000000 1.000000 0.960000 0.200000 0.591847 1.251249 1.397796 107.466805 57.621307 0.590362 1.117562 0.659766
635 1.000000 1.000000 1.000000 0.960000 0.220000 0.601292 1.251570 1.399048 107.567825 57.989969 0.595093 1.116313 0.664310
636 1.000000 1.000000 1.000000 0.960000 0.240000 0.602355 1.256711 1.406609 107.447504 57.632764 0.591990 1.117467 0.661529
637 1.000000 1.000000 1.000000 0.960000 0.260000 0.603490 1.256985 1.398421 107.862631 58.185537 0.592666 1.113201 0.659756
638 1.000000 1.000000 1.000000 0.960000 0.280000 0.602887 1.252005 1.394927 107.030091 59.295871 0.595653 1.121565 0.668063
639 1.000000 1.000000 1.000000 0.960000 0.300000 0.590170 1.256150 1.417354 107.032570 58.848818 0.590639 1.121902 0.662639
640 1.000000 1.000000 1.000000 0.960000 0.320000 0.613014 1.250022 1.404853 106.787218 59.973076 0.594718 1.124314 0.668649
641 1.000000 1.000000 1.000000 0.960000 0.340000 0.599901 1.256964 1.408267 107.512729 59.578566 0.596901 1.116570 0.666482
642 1.000000 1.000000 1.000000 0.960000 0.360000 0.584505 1.259037 1.411516 107.731311 59.651951 0.593605 1.114613 0.661640
643 1.000000 1.000000 1.000000 0.960000 0.380000 0.609773 1.253493 1.412828 107.107476 59.853043 0.595815 1.120882 0.667839
644 1.000000 1.000000 1.000000 0.960000 0.400000 0.593495 1.251432 1.409209 106.739507 61.481251 0.591128 1.125015 0.665027
645 1.000000 1.000000 1.000000 0.960000 0.420000 0.608437 1.257427 1.410663 107.627997 59.729190 0.592195 1.115357 0.660509
646 1.000000 1.000000 1.000000 0.960000 0.440000 0.611746 1.255527 1.417249 107.262326 60.636204 0.593371 1.119053 0.664013
647 1.000000 1.000000 1.000000 0.960000 0.460000 0.599574 1.256140 1.401185 107.230303 61.293709 0.596231 1.119621 0.667552
648 1.000000 1.000000 1.000000 0.960000 0.480000 0.597126 1.260429 1.417323 107.617111 60.436451 0.589942 1.115740 0.658221
649 1.000000 1.000000 1.000000 0.960000 0.500000 0.619374 1.256855 1.410773 107.199041 60.909119 0.594188 1.119839 0.665395
650 1.000000 1.000000 1.000000 1.000000 0.000000 0.594447 1.259118 1.387115 108.468729 55.472439 0.590410 1.107196 0.653699
651 1.000000 1.000000 1.000000 1.000000 0.020000 0.591131 1.257273 1.393957 107.967774 55.250269 0.593625 1.111907 0.660056
652 1.000000 1.000000 1.000000 1.000000 0.040000 0.600710 1.258983 1.400831 108.366178 54.477459 0.595138 1.108333 0.659612
653 1.000000 1.000000 1.000000 1.000000 0.060000 0.586620 1.255327 1.407672 107.789013 55.048715 0.590849 1.113927 0.658163
654 1.000000 1.000000 1.000000 1.000000 0.080000 0.595976 1.255990 1.405607 107.895981 55.737623 0.595221 1.112662 0.662280
655 1.000000 1.000000 1.000000 1.000000 0.100000 0.584291 1.256598 1.405953 107.766273 55.854304 0.595732 1.114581 0.663992
656 1.000000 1.000000 1.000000 1.000000 0.120000 0.601548 1.254608 1.398372 107.511921 56.262471 0.596488 1.116691 0.666093
657 1.000000 1.000000 1.000000 1.000000 0.140000 0.586342 1.250441 1.406456 107.361331 56.536296 0.597733 1.118550 0.668594
658 1.000000 1.000000 1.000000 1.000000 0.160000 0.593159 1.255247 1.397381 107.867991 56.639228 0.593353 1.113145 0.660488
659 1.000000 1.000000 1.000000 1.000000 0.180000 0.588405 1.253179 1.405910 107.278947 57.071810 0.599744 1.119115 0.671182
660 1.000000 1.000000 1.000000 1.000000 0.200000 0.605326 1.249914 1.400821 107.164328 57.804818 0.596905 1.120321 0.668725
661 1.000000 1.000000 1.000000 1.000000 0.220000 0.595937 1.252204 1.401351 107.142082 58.551534 0.590919 1.120685 0.662234
662 1.000000 1.000000 1.000000 1.000000 0.240000 0.604006 1.251382 1.399080 107.165556 59.570747 0.593874 1.120721 0.665568
663 1.000000 1.000000 1.000000 1.000000 0.260000 0.602709 1.259569 1.398092 107.826861 58.278244 0.596036 1.113570 0.663728
664 1.000000 1.000000 1.000000 1.000000 0.280000 0.602207 1.254065 1.413819 107.562787 57.920650 0.597557 1.116274 0.667038
665 1.000000 1.000000 1.000000 1.000000 0.300000 0.594545 1.254075 1.400142 107.444595 59.432427 0.593368 1.117549 0.663118
666 1.000000 1.000000 1.000000 1.000000 0.320000 0.592947 1.259378 1.395131 107.806906 59.164220 0.594126 1.113546 0.661587
667 1.000000 1.000000 1.000000 1.000000 0.340000 0.612391 1.255329 1.393699 107.483446 60.045076 0.593822 1.116979 0.663287
668 1.000000 1.000000 1.000000 1.000000 0.360000 0.604166 1.260190 1.403232 107.944381 59.382839 0.595161 1.112175 0.661923
669 1.000000 1.000000 1.000000 1.000000 0.380000 0.598665 1.253464 1.401510 107.256111 59.773670 0.588331 1.119462 0.658614
670 1.000000 1.000000 1.000000 1.000000 0.400000 0.578336 1.247648 1.410744 106.651816 61.093176 0.593956 1.125939 0.668759
671 1.000000 1.000000 1.000000 1.000000 0.420000 0.598089 1.254186 1.399286 106.926898 61.386917 0.592284 1.122624 0.664913
672 1.000000 1.000000 1.000000 1.000000 0.440000 0.596492 1.254368 1.416204 106.940745 61.288176 0.588387 1.122951 0.660730
673 1.000000 1.000000 1.000000 1.000000 0.460000 0.598971 1.253849 1.415459 106.982602 60.568973 0.587889 1.122138 0.659692
674 1.000000 1.000000 1.000000 1.000000 0.480000 0.608601 1.252221 1.408408 107.022883 61.701021 0.589967 1.121589 0.661700
675 1.000000 1.000000 1.000000 1.000000 0.500000 0.601628 1.257368 1.425842 107.349356 60.712369 0.588994 1.118410 0.658737
