0.000000 0.040000 0.080000 0.120000 0.160000 0.200000 0.240000 0.280000 0.320000 0.360000 0.400000 0.440000 0.480000 0.520000 0.560000 0.600000 0.640000 0.680000 0.720000 0.760000 0.800000 0.840000 0.880000 0.920000 0.960000 1.000000 
r
0.000000 0.608626 0.569966 0.556929 0.599315 0.605390 0.594171 0.601481 0.597507 0.592234 0.575460 0.580228 0.585599 0.570194 0.563282 0.547438 0.580426 0.564116 0.565650 0.582437 0.566666 0.578482 0.546504 0.535632 0.520500 0.563178 0.537686 
0.100000 0.586948 0.589721 0.583886 0.604860 0.616668 0.627975 0.600054 0.593655 0.611566 0.611375 0.603726 0.614170 0.611337 0.596886 0.591786 0.581040 0.597879 0.576671 0.585335 0.572411 0.571770 0.622947 0.595204 0.567165 0.579956 0.555294 
0.200000 0.566228 0.610518 0.617519 0.613246 0.595277 0.616897 0.610862 0.614130 0.618155 0.627061 0.612660 0.596866 0.604830 0.608155 0.597862 0.603765 0.601191 0.599014 0.598305 0.601264 0.593765 0.588740 0.600995 0.569561 0.554436 0.587760 
0.300000 0.593418 0.622573 0.615920 0.626921 0.626051 0.606811 0.595904 0.619915 0.583848 0.608050 0.601937 0.615904 0.597795 0.595323 0.613713 0.595522 0.635124 0.548137 0.595645 0.609035 0.592338 0.605782 0.602053 0.577758 0.563575 0.574425 
0.400000 0.594722 0.613383 0.609469 0.621660 0.618103 0.589099 0.611975 0.597178 0.627305 0.603093 0.618628 0.622800 0.603274 0.610248 0.617029 0.607157 0.625787 0.604433 0.582787 0.587183 0.595465 0.599395 0.588251 0.574015 0.575790 0.596235 
0.500000 0.576730 0.555760 0.559925 0.581283 0.583327 0.595838 0.589989 0.597547 0.596400 0.591557 0.610456 0.591096 0.622978 0.584601 0.611253 0.598467 0.582401 0.577126 0.586741 0.560258 0.592013 0.593402 0.595583 0.566045 0.584946 0.570587 
v
0.000000 1.259870 1.260874 1.251940 1.263116 1.262382 1.250405 1.246112 1.255701 1.265233 1.281424 1.279232 1.272052 1.248490 1.268060 1.249904 1.276778 1.251976 1.269978 1.267685 1.229602 1.254793 1.266933 1.260549 1.283038 1.280225 1.263824 
0.100000 1.261379 1.271426 1.269029 1.257054 1.262278 1.251918 1.262971 1.266066 1.257691 1.232041 1.275334 1.255214 1.244749 1.243355 1.258636 1.263685 1.255292 1.251247 1.247448 1.257749 1.271272 1.250804 1.243100 1.287461 1.264468 1.272441 
0.200000 1.219026 1.225307 1.248455 1.258171 1.233605 1.260326 1.247673 1.247393 1.236390 1.252623 1.240987 1.239818 1.228325 1.263347 1.258003 1.256090 1.243110 1.258116 1.252809 1.257536 1.239943 1.257516 1.240708 1.266621 1.244817 1.240778 
0.300000 1.228719 1.218225 1.225105 1.222066 1.241855 1.211177 1.231276 1.224034 1.226467 1.227295 1.234424 1.231353 1.225376 1.218769 1.238904 1.254127 1.232078 1.206481 1.238723 1.232506 1.240207 1.263303 1.242086 1.246617 1.228565 1.234653 
0.400000 1.230351 1.214492 1.216493 1.223026 1.225178 1.210253 1.228174 1.216935 1.227401 1.225990 1.218905 1.219436 1.218192 1.227669 1.226524 1.209729 1.221895 1.215177 1.216483 1.219344 1.243908 1.226223 1.225212 1.183019 1.226883 1.211109 
0.500000 1.218475 1.202784 1.218952 1.220522 1.212509 1.198884 1.215619 1.211308 1.215068 1.206248 1.238076 1.193280 1.219693 1.197104 1.204278 1.217046 1.238275 1.215299 1.184610 1.199131 1.216821 1.204832 1.205719 1.210317 1.219533 1.204617 
s
0.000000 1.371231 1.378522 1.378329 1.374182 1.378758 1.371566 1.375408 1.375856 1.381546 1.377754 1.382777 1.379953 1.379899 1.385004 1.386054 1.382557 1.380154 1.375335 1.379488 1.379840 1.381639 1.393598 1.393991 1.388485 1.387558 1.383665 
0.100000 1.374865 1.380426 1.369140 1.375904 1.365973 1.374003 1.369242 1.374621 1.370401 1.368662 1.383122 1.376210 1.374069 1.383077 1.380321 1.373293 1.379700 1.378161 1.378404 1.378958 1.382755 1.374795 1.376180 1.378415 1.378225 1.384932 
0.200000 1.377750 1.365379 1.363433 1.370589 1.362446 1.379316 1.370122 1.368005 1.367455 1.368720 1.371704 1.370545 1.366065 1.378123 1.385378 1.376473 1.375390 1.377377 1.387557 1.372697 1.369990 1.376393 1.376014 1.377831 1.379677 1.377742 
0.300000 1.358822 1.367694 1.369783 1.360605 1.370729 1.368239 1.368183 1.370537 1.376626 1.370849 1.372728 1.377321 1.370785 1.378542 1.369730 1.377152 1.369249 1.377945 1.373928 1.374261 1.377404 1.376589 1.373649 1.369630 1.374202 1.376485 
0.400000 1.369983 1.353798 1.355493 1.353004 1.365178 1.368418 1.367332 1.368286 1.365088 1.371428 1.366296 1.367111 1.362201 1.359459 1.368399 1.365927 1.371567 1.366871 1.381618 1.369198 1.376938 1.370501 1.379053 1.368553 1.371123 1.369874 
0.500000 1.350961 1.350678 1.351138 1.359058 1.358685 1.362841 1.362162 1.361724 1.361902 1.366539 1.364310 1.367333 1.358485 1.360428 1.363870 1.371639 1.374358 1.361405 1.367554 1.368257 1.375276 1.368992 1.371861 1.373846 1.368555 1.371673 
c
0.000000 110.529599 108.536426 110.137664 110.843340 110.157605 110.638842 106.545506 110.207013 107.647872 112.747923 112.093765 111.204458 109.818940 110.534576 109.834602 106.009071 109.932542 110.359188 110.846513 104.438668 110.014591 107.937514 109.805356 111.144441 111.090217 110.082712 
0.100000 110.880357 111.445870 111.557573 107.242387 111.318272 110.089111 103.121108 111.183451 108.187294 108.655384 111.442335 104.498984 109.200631 109.182972 109.717007 110.355161 109.795405 109.918126 108.939036 110.179814 110.512695 109.295092 105.286592 112.422892 107.471082 107.792556 
0.200000 107.210877 108.750525 109.343469 110.542116 109.604460 110.353803 105.548797 109.765440 108.428606 109.956553 103.083092 103.213633 105.456891 110.261667 110.412954 109.896339 108.912748 109.959284 109.440670 106.978024 106.240053 106.928260 109.268143 110.677324 105.924143 105.292330 
0.300000 108.838076 107.498933 105.636437 104.803459 105.308905 106.904640 108.991864 105.438675 108.076191 104.694715 108.268062 105.392980 107.615575 100.214161 108.929687 109.657966 107.685614 99.942607 108.380045 107.951717 104.856064 109.936453 108.790469 109.303513 107.514671 108.027532 
0.400000 108.363512 105.483188 107.799203 105.355075 107.715188 107.033594 108.439169 107.383413 106.003403 104.826121 104.761495 101.691625 107.836747 108.190359 107.800132 101.579200 107.065458 106.427130 106.545834 107.453196 108.022393 107.304717 104.696285 104.490432 107.565245 103.511659 
0.500000 108.556880 106.863841 107.643399 105.681973 106.907281 105.861882 107.305725 106.502509 104.685203 103.610860 108.609587 103.207863 104.982642 102.324646 106.271160 104.170834 108.770416 107.158634 101.538944 102.708664 106.979419 105.782369 102.388855 103.388014 106.875583 102.447013 
te
0.000000 51.108188 51.401502 52.299796 51.609522 52.099284 51.412258 52.447508 52.220331 50.606778 49.837818 50.585089 51.410047 52.438135 52.007958 53.054901 51.957213 53.273969 51.265805 51.751936 55.448845 53.229903 52.340314 52.443974 51.951051 52.316565 53.420817 
0.100000 50.990548 51.558700 50.924679 51.088032 50.753040 52.366287 51.412372 50.971596 51.631429 54.170314 51.348720 52.783851 52.994980 52.857219 53.674715 52.409984 52.952531 53.058187 53.690098 53.152298 52.412477 53.957444 55.118684 51.821041 53.821005 52.600487 
0.200000 55.694920 53.579554 52.714320 51.909104 53.304535 52.071586 53.306998 53.007677 53.950252 52.854234 54.653941 53.440160 55.342784 52.449157 52.721906 53.237648 53.553683 53.743721 52.908553 53.363690 55.226001 54.530800 54.544115 53.053608 55.225834 54.999168 
0.300000 54.505015 55.461819 54.758583 55.077201 55.115516 56.382181 54.454103 55.024435 54.919643 54.947657 55.405708 54.662540 55.786295 56.352803 54.888354 54.115994 56.046131 58.263877 55.366360 55.731916 55.752099 54.551287 56.063441 55.169718 56.610113 56.143283 
0.400000 54.639974 55.551537 55.940278 54.314250 56.112040 57.067721 55.033974 56.667445 55.866123 56.078665 56.480597 56.138815 56.213323 55.519896 56.370066 57.887354 57.285899 57.292368 56.772247 57.546479 55.907689 57.259876 56.574620 59.886043 57.024970 58.070817 
0.500000 55.372927 58.113378 56.623143 54.758157 57.533754 57.816571 56.602619 57.478235 56.709050 55.623684 55.535892 58.458064 56.292838 59.336877 57.622633 57.210158 55.182783 57.722681 59.821023 59.470039 57.507163 58.423865 58.876979 58.302899 57.746588 58.904043 
sr
0.000000 0.552113 0.539357 0.554993 0.553934 0.548356 0.549100 0.548468 0.550683 0.540946 0.547362 0.551329 0.554350 0.551645 0.558089 0.542489 0.546918 0.554185 0.553702 0.555765 0.551503 0.556972 0.543418 0.548442 0.554263 0.558658 0.558311 
0.100000 0.546089 0.537765 0.546913 0.544237 0.550785 0.550589 0.525872 0.547837 0.540872 0.555975 0.546499 0.544194 0.542321 0.544835 0.548813 0.561720 0.553632 0.553058 0.555525 0.550115 0.550348 0.555683 0.551082 0.552737 0.548093 0.546533 
0.200000 0.539149 0.545633 0.548973 0.539511 0.540166 0.540147 0.534287 0.540647 0.548696 0.541980 0.535349 0.533906 0.535698 0.543270 0.541812 0.550178 0.544037 0.546399 0.541185 0.538597 0.533328 0.547776 0.545803 0.550456 0.547254 0.544988 
0.300000 0.539291 0.540769 0.530964 0.529927 0.533196 0.535435 0.533914 0.531123 0.531648 0.532272 0.537647 0.534253 0.532969 0.520961 0.538875 0.533718 0.543600 0.515917 0.537944 0.541640 0.536770 0.536153 0.545360 0.537647 0.534928 0.537042 
0.400000 0.533779 0.532598 0.537796 0.536401 0.539043 0.533250 0.534775 0.535101 0.522214 0.526149 0.522271 0.522524 0.533688 0.534263 0.528523 0.525133 0.532746 0.531414 0.524140 0.530704 0.529963 0.533121 0.524965 0.534978 0.535175 0.521197 
0.500000 0.529637 0.529155 0.532998 0.523049 0.537467 0.530604 0.528880 0.532294 0.530752 0.520619 0.526846 0.517852 0.527237 0.529815 0.531745 0.524165 0.523959 0.529342 0.524269 0.523504 0.524766 0.533826 0.511726 0.515532 0.531275 0.520426 
gt
0.000000 1.086821 1.114509 1.092740 1.084291 1.090240 1.087040 1.137579 1.090677 1.125854 1.065748 1.072085 1.080434 1.095001 1.087800 1.095924 1.151497 1.093757 1.093849 1.084878 1.159880 1.092589 1.120392 1.095139 1.080775 1.082100 1.091938 
0.100000 1.083399 1.077739 1.077151 1.129596 1.080004 1.090972 1.189580 1.080319 1.119661 1.106464 1.078468 1.167582 1.100769 1.100817 1.096245 1.088652 1.094604 1.093896 1.103628 1.091083 1.087002 1.099356 1.150830 1.068145 1.125915 1.125878 
0.200000 1.122914 1.106574 1.099532 1.087697 1.096532 1.088709 1.150109 1.095078 1.108230 1.092825 1.180131 1.182901 1.147113 1.090162 1.088291 1.093181 1.102970 1.093012 1.097843 1.133465 1.135995 1.134375 1.101742 1.085650 1.146179 1.150184 
0.300000 1.105199 1.117981 1.145193 1.155879 1.148669 1.126092 1.103810 1.148228 1.113423 1.157669 1.110498 1.146997 1.117648 1.217809 1.102725 1.095620 1.115992 1.219950 1.109258 1.113333 1.159439 1.093919 1.104958 1.101365 1.120715 1.113689 
0.400000 1.110908 1.146018 1.115229 1.147905 1.115934 1.124244 1.109121 1.120519 1.141718 1.157228 1.155012 1.197916 1.115460 1.110831 1.115229 1.197724 1.122281 1.130076 1.128868 1.119756 1.112199 1.121190 1.156403 1.152889 1.117905 1.168914 
0.500000 1.108255 1.128822 1.121373 1.146717 1.124909 1.135919 1.121505 1.129767 1.154390 1.168777 1.106581 1.175330 1.152966 1.185917 1.130975 1.161497 1.104836 1.122675 1.189553 1.177934 1.123535 1.137212 1.182299 1.171682 1.125426 1.180817 
st
0.000000 0.600048 0.601119 0.606463 0.600625 0.597839 0.596893 0.623925 0.600618 0.609026 0.583350 0.591072 0.598939 0.604052 0.607090 0.594527 0.629775 0.606143 0.605666 0.602938 0.639677 0.608541 0.608841 0.600621 0.599034 0.604524 0.609641 
0.100000 0.591633 0.579571 0.589108 0.614768 0.594851 0.600678 0.625567 0.591839 0.605593 0.615167 0.589381 0.635392 0.596970 0.599764 0.601633 0.611517 0.606008 0.604988 0.613093 0.600222 0.598229 0.610894 0.634202 0.590404 0.617106 0.615329 
0.200000 0.605418 0.603783 0.603614 0.586825 0.592309 0.588063 0.614489 0.592050 0.608082 0.592289 0.631781 0.631558 0.614506 0.592252 0.589649 0.601444 0.600056 0.597221 0.594136 0.610481 0.605858 0.621383 0.601334 0.597603 0.627251 0.626837 
0.300000 0.596024 0.604569 0.608056 0.612531 0.612466 0.602949 0.589340 0.609851 0.591949 0.616194 0.597056 0.612787 0.595671 0.634431 0.594231 0.584752 0.606653 0.629393 0.596719 0.603026 0.622352 0.586509 0.602600 0.592146 0.599502 0.598097 
0.400000 0.592979 0.610367 0.599766 0.615737 0.601536 0.599503 0.593131 0.599591 0.596221 0.608874 0.603229 0.625939 0.595308 0.593476 0.589424 0.628965 0.597891 0.600538 0.591685 0.594259 0.589424 0.597731 0.607071 0.616771 0.598275 0.609234 
0.500000 0.586973 0.597321 0.597690 0.599789 0.604602 0.602723 0.593142 0.601369 0.612695 0.608487 0.582997 0.608647 0.607886 0.628317 0.601391 0.608816 0.578889 0.594279 0.623645 0.616653 0.589593 0.607074 0.605013 0.604039 0.597911 0.614528 
