0.000000 0.040000 0.080000 0.120000 0.160000 0.200000 0.240000 0.280000 0.320000 0.360000 0.400000 0.440000 0.480000 0.520000 0.560000 0.600000 0.640000 0.680000 0.720000 0.760000 0.800000 0.840000 0.880000 0.920000 0.960000 1.000000 
r
0.000000 0.597320 0.596297 0.596316 0.604323 0.594765 0.610895 0.601980 0.612120 0.597400 0.599611 0.607334 0.610658 0.611979 0.601657 0.616854 0.600331 0.594398 0.598106 0.609987 0.601454 0.596275 0.598540 0.604208 0.581703 0.610068 0.594447 
0.100000 0.599926 0.606775 0.596997 0.603226 0.604290 0.611188 0.608338 0.607957 0.594098 0.610119 0.598500 0.592600 0.611006 0.591229 0.588492 0.591094 0.597021 0.594369 0.596270 0.594676 0.593630 0.604600 0.597977 0.592306 0.588049 0.584291 
0.200000 0.593204 0.598927 0.603470 0.595407 0.592526 0.600048 0.604846 0.590904 0.602036 0.585966 0.596130 0.597185 0.606574 0.578456 0.594913 0.597588 0.599314 0.599027 0.602785 0.594247 0.595138 0.588680 0.599711 0.593496 0.591847 0.605326 
0.300000 0.584642 0.589321 0.592355 0.588620 0.601344 0.597002 0.592445 0.590951 0.607177 0.595306 0.592031 0.583409 0.604746 0.593822 0.603605 0.590739 0.597575 0.598208 0.607355 0.595141 0.616338 0.604984 0.590465 0.591565 0.590170 0.594545 
0.400000 0.585209 0.595036 0.592539 0.600929 0.591187 0.597457 0.592266 0.603547 0.603633 0.596977 0.597594 0.609061 0.594622 0.610605 0.602903 0.599754 0.594124 0.610107 0.605789 0.617819 0.607078 0.600215 0.610559 0.604560 0.593495 0.578336 
0.500000 0.592242 0.577249 0.596898 0.582489 0.598467 0.596177 0.594406 0.605272 0.617031 0.605250 0.608460 0.599793 0.597989 0.601210 0.602147 0.607505 0.617827 0.599384 0.595364 0.601435 0.614799 0.605255 0.606285 0.613778 0.619374 0.601628 
v
0.000000 1.248493 1.254180 1.246238 1.250854 1.254199 1.250628 1.254298 1.254799 1.251364 1.255570 1.258466 1.257620 1.255026 1.258455 1.258518 1.248597 1.258998 1.254853 1.254677 1.254434 1.260367 1.251143 1.254405 1.257153 1.253164 1.259118 
0.100000 1.249301 1.250196 1.253293 1.250581 1.250920 1.250553 1.255551 1.257993 1.252509 1.254293 1.254818 1.260259 1.257439 1.251168 1.254728 1.247131 1.256990 1.254619 1.256248 1.253789 1.257377 1.255337 1.255676 1.251103 1.253393 1.256598 
0.200000 1.252599 1.258743 1.253700 1.251746 1.249311 1.258605 1.257793 1.256146 1.253069 1.251375 1.255078 1.255961 1.257316 1.256379 1.255948 1.257099 1.255469 1.257396 1.259191 1.258883 1.252270 1.254892 1.252530 1.250876 1.251249 1.249914 
0.300000 1.256531 1.258069 1.255235 1.255726 1.253901 1.256355 1.256451 1.255973 1.253376 1.257568 1.256496 1.254643 1.256102 1.252094 1.254364 1.255580 1.255472 1.249878 1.253483 1.255626 1.252835 1.253599 1.255356 1.251471 1.256150 1.254075 
0.400000 1.256112 1.255586 1.257262 1.256540 1.258953 1.255674 1.259735 1.255219 1.254994 1.258769 1.257802 1.253229 1.257665 1.257371 1.255376 1.261234 1.250089 1.251519 1.247385 1.257757 1.254484 1.254523 1.246521 1.257304 1.251432 1.247648 
0.500000 1.260438 1.257917 1.254534 1.260181 1.253411 1.258107 1.257182 1.253752 1.253150 1.262045 1.253518 1.255923 1.259135 1.257665 1.252658 1.257090 1.256824 1.257442 1.255760 1.257348 1.253226 1.251213 1.253735 1.258254 1.256855 1.257368 
s
0.000000 1.408875 1.420041 1.408712 1.404919 1.410185 1.409177 1.402338 1.399146 1.408165 1.400896 1.403723 1.411209 1.406406 1.412453 1.403675 1.395355 1.397609 1.403793 1.395966 1.402711 1.399800 1.408592 1.397741 1.415397 1.401035 1.387115 
0.100000 1.411839 1.402953 1.406710 1.398094 1.407021 1.409134 1.412861 1.407873 1.408222 1.405081 1.408248 1.395867 1.396283 1.405532 1.410371 1.402157 1.399013 1.402820 1.393857 1.404922 1.396218 1.412202 1.404806 1.399524 1.421208 1.405953 
0.200000 1.408689 1.407574 1.413799 1.404787 1.410492 1.408009 1.409196 1.409725 1.405285 1.411232 1.395739 1.410868 1.402768 1.412642 1.404413 1.401799 1.414950 1.397955 1.400826 1.403580 1.395686 1.398137 1.401500 1.405602 1.397796 1.400821 
0.300000 1.414492 1.415192 1.404012 1.404624 1.412480 1.411724 1.399741 1.409466 1.396398 1.398369 1.413720 1.401562 1.401866 1.407026 1.401346 1.397078 1.401120 1.403024 1.397495 1.411469 1.397287 1.411319 1.401869 1.402407 1.417354 1.400142 
0.400000 1.406777 1.416452 1.410691 1.408581 1.398837 1.406412 1.408745 1.415540 1.411110 1.404882 1.403955 1.405255 1.410888 1.407607 1.409540 1.403110 1.404190 1.401372 1.411250 1.407525 1.414966 1.402839 1.403714 1.397332 1.409209 1.410744 
0.500000 1.416404 1.415948 1.410096 1.405041 1.415213 1.410884 1.412134 1.416180 1.411993 1.413528 1.413138 1.419223 1.400556 1.422516 1.410002 1.416402 1.408037 1.421927 1.407435 1.414855 1.418781 1.422884 1.421577 1.424667 1.410773 1.425842 
c
0.000000 107.307627 107.194821 107.241238 107.519111 107.432221 107.403638 107.600142 107.722878 107.990400 108.096283 108.028637 107.659185 107.670498 107.984754 107.563495 107.630880 108.305936 107.603258 107.762746 107.948073 108.102063 107.444862 107.776614 108.137907 107.486975 108.468729 
0.100000 107.373078 107.198025 107.416375 107.606519 107.393301 107.401029 107.798202 108.097936 107.414903 107.630337 107.931212 108.295392 108.094678 107.131701 107.695923 106.851686 107.721801 107.479809 107.952839 107.827801 107.836332 107.648966 108.364794 107.217132 107.623311 107.766273 
0.200000 107.680742 107.992720 107.400376 107.314531 107.132657 107.996708 107.898788 107.891186 107.488002 107.141032 107.577737 108.059050 107.788389 107.979667 107.744253 107.840676 107.402104 107.749280 107.964625 108.060695 107.429841 107.577629 107.739393 107.169192 107.466805 107.164328 
0.300000 107.473550 107.794850 107.536353 107.858328 107.132792 107.458357 107.790173 107.530708 107.196717 107.910280 107.815609 107.721536 107.341736 107.375470 107.740028 107.461726 107.201503 107.301222 107.370534 107.362364 107.143977 107.234015 107.368677 106.854988 107.032570 107.444595 
0.400000 107.560881 107.556756 107.547508 107.388782 107.814689 107.251718 107.687453 107.273089 107.462922 107.907762 107.511608 106.933958 107.420730 107.326284 107.210145 107.660552 106.958044 107.286703 106.701354 106.854953 107.193560 107.005513 106.671670 107.410065 106.739507 106.651816 
0.500000 107.533435 107.840918 107.304584 107.765938 106.792161 108.014202 107.482027 106.967455 107.169557 107.573187 107.022559 107.254119 108.021577 107.897382 106.820576 107.367839 107.740511 107.312003 107.075474 107.489049 107.309923 106.516642 106.980496 107.236841 107.199041 107.349356 
te
0.000000 58.067605 58.086757 57.341955 57.218033 57.331576 57.015984 56.640778 56.612104 57.496240 55.915769 55.954482 56.520300 56.079371 55.644173 55.381944 56.567118 55.509352 56.235701 56.019254 56.479528 54.774957 56.266826 55.291186 54.751127 55.263821 55.472439 
0.100000 57.729606 57.715524 57.817960 57.750060 57.228733 57.889844 57.415123 56.207960 57.626273 57.657145 56.480754 56.546452 56.626049 57.665168 56.374987 57.878965 56.444561 56.190831 56.144778 55.903499 56.822058 56.250369 55.836597 56.299088 56.344069 55.854304 
0.200000 58.543554 57.551984 57.687444 57.888290 57.959409 57.088238 57.497830 57.927245 58.256126 57.297040 57.630051 56.587827 58.008631 57.424696 57.904289 57.301348 57.083722 57.713567 56.700933 56.450808 57.694475 57.235948 57.270771 57.122715 57.621307 57.804818 
0.300000 58.428485 57.349605 58.721849 57.971459 58.405222 58.449432 59.313301 57.827668 59.318864 58.033807 58.096508 59.400725 59.592002 58.828501 58.101561 58.855159 59.347562 59.503885 59.259250 58.584277 59.445478 58.443695 59.204162 60.389401 58.848818 59.432427 
0.400000 59.261586 59.067405 58.400606 59.031968 58.896513 59.434116 59.135175 59.440390 58.745419 58.891098 58.895907 59.625039 59.009689 59.843387 59.929986 59.299689 60.645838 59.598674 60.947480 60.881026 60.040203 60.318902 61.283791 60.101616 61.481251 61.093176 
0.500000 59.052094 58.532024 58.909969 59.212182 59.738461 57.919713 58.924082 58.890769 59.881636 58.761200 59.791341 60.306656 59.031545 59.056818 60.886453 60.085436 60.533033 60.081678 61.051057 59.592277 60.444416 61.630856 60.501266 60.027206 60.909119 60.712369 
sr
0.000000 0.586502 0.585171 0.577741 0.586961 0.585906 0.592755 0.582403 0.583937 0.589861 0.588454 0.585508 0.590335 0.593073 0.592229 0.585121 0.584384 0.589697 0.591024 0.592224 0.588885 0.587111 0.590132 0.585981 0.597896 0.593172 0.590410 
0.100000 0.589120 0.588766 0.591681 0.590358 0.588774 0.591734 0.599418 0.594217 0.593958 0.597168 0.595581 0.592051 0.594555 0.591636 0.594731 0.589244 0.593807 0.593440 0.594815 0.600799 0.592335 0.592293 0.592957 0.591833 0.592478 0.595732 
0.200000 0.600608 0.600786 0.595568 0.590866 0.598061 0.597621 0.596322 0.587944 0.599302 0.599528 0.592593 0.597631 0.596613 0.594591 0.591588 0.595776 0.587366 0.594875 0.597153 0.598298 0.590809 0.594295 0.600341 0.588773 0.590362 0.596905 
0.300000 0.595016 0.596318 0.597248 0.597350 0.599570 0.595200 0.591966 0.591783 0.596370 0.594072 0.599318 0.592281 0.595345 0.593011 0.594465 0.595181 0.598816 0.598769 0.596465 0.596468 0.591391 0.594470 0.598730 0.593538 0.590639 0.593368 
0.400000 0.594884 0.596136 0.592890 0.592244 0.595000 0.586186 0.598451 0.597325 0.598805 0.598384 0.593469 0.596901 0.595064 0.596383 0.593669 0.591494 0.596697 0.593432 0.592751 0.592473 0.593203 0.590245 0.594238 0.595098 0.591128 0.593956 
0.500000 0.595580 0.594813 0.587501 0.594541 0.596581 0.592417 0.589439 0.596301 0.594111 0.590244 0.592834 0.596424 0.591273 0.595585 0.590683 0.588592 0.597368 0.588711 0.592140 0.586657 0.587101 0.592040 0.588873 0.587184 0.594188 0.588994 
gt
0.000000 1.119249 1.120061 1.120592 1.117410 1.117529 1.118125 1.116105 1.114592 1.112061 1.110849 1.111421 1.115195 1.115029 1.111678 1.116363 1.115825 1.109058 1.116370 1.114147 1.112669 1.110882 1.117947 1.114059 1.110613 1.116745 1.107196 
0.100000 1.118625 1.119893 1.117931 1.115795 1.117932 1.118099 1.113706 1.110810 1.118322 1.115288 1.112753 1.109249 1.110826 1.120704 1.115096 1.123668 1.114393 1.116875 1.112308 1.113377 1.113383 1.115548 1.108216 1.120035 1.115763 1.114581 
0.200000 1.114956 1.111908 1.117826 1.118938 1.120665 1.111668 1.112932 1.112910 1.116980 1.120543 1.116098 1.111169 1.113747 1.111882 1.114732 1.113166 1.117936 1.114178 1.111930 1.110863 1.117896 1.116240 1.114323 1.120275 1.117562 1.120321 
0.300000 1.117009 1.113901 1.116386 1.113030 1.120515 1.117199 1.116508 1.116660 1.120015 1.112523 1.113358 1.114733 1.118439 1.118456 1.114243 1.117028 1.119694 1.118988 1.117987 1.118168 1.120414 1.119647 1.118369 1.123774 1.121902 1.117549 
0.400000 1.116605 1.116119 1.116228 1.117866 1.113392 1.119432 1.114872 1.119100 1.117092 1.112673 1.116660 1.122800 1.117512 1.118521 1.119739 1.114970 1.122621 1.118999 1.125290 1.127805 1.119920 1.121957 1.125408 1.117614 1.125015 1.125939 
0.500000 1.116396 1.113124 1.119098 1.114106 1.124121 1.111294 1.116897 1.122263 1.120319 1.116235 1.121664 1.119477 1.111683 1.113296 1.123835 1.118357 1.114331 1.118920 1.121738 1.117060 1.118916 1.127014 1.122089 1.119603 1.119839 1.118410 
st
0.000000 0.656442 0.655427 0.647412 0.655876 0.654767 0.662775 0.650023 0.650852 0.655962 0.653684 0.650746 0.658338 0.661293 0.658368 0.653208 0.652070 0.654008 0.659802 0.659825 0.655234 0.652211 0.659737 0.652818 0.664031 0.662422 0.653699 
0.100000 0.659004 0.659355 0.661458 0.658718 0.658209 0.661616 0.667576 0.660062 0.664236 0.666014 0.662734 0.656731 0.660447 0.663050 0.663182 0.662115 0.661735 0.662798 0.661618 0.668916 0.659496 0.660731 0.657125 0.662873 0.661065 0.663992 
0.200000 0.669652 0.668018 0.665742 0.661142 0.670226 0.664356 0.663665 0.654329 0.669409 0.671797 0.661392 0.664070 0.664476 0.661114 0.659462 0.663197 0.656638 0.662796 0.663992 0.664627 0.660463 0.663376 0.668973 0.659587 0.659766 0.668725 
0.300000 0.664638 0.664239 0.666759 0.664868 0.671827 0.664957 0.660934 0.660820 0.667943 0.660919 0.667256 0.660235 0.665857 0.663257 0.662379 0.664834 0.670491 0.670015 0.666840 0.666952 0.662602 0.665597 0.669601 0.667002 0.662639 0.663118 
0.400000 0.664251 0.665359 0.661800 0.662049 0.662468 0.656196 0.667196 0.668467 0.668920 0.665806 0.662703 0.670200 0.664991 0.667067 0.664754 0.659498 0.669865 0.664050 0.667017 0.668194 0.664340 0.662230 0.668760 0.665090 0.665027 0.668759 
0.500000 0.664904 0.662101 0.657471 0.662382 0.670630 0.658349 0.658343 0.669206 0.665594 0.658851 0.664961 0.667683 0.657308 0.663062 0.663830 0.658257 0.665666 0.658720 0.664226 0.655331 0.656916 0.667237 0.660768 0.657414 0.665395 0.658737 
