0.000000 0.040000 0.080000 0.120000 0.160000 0.200000 0.240000 0.280000 0.320000 0.360000 0.400000 0.440000 0.480000 0.520000 0.560000 0.600000 0.640000 0.680000 0.720000 0.760000 0.800000 0.840000 0.880000 0.920000 0.960000 1.000000 
r
0.000000 0.558803 0.550552 0.550877 0.577263 0.528196 0.557027 0.560372 0.547832 0.548289 0.543621 0.551748 0.554269 0.588003 0.544054 0.551890 0.541928 0.544314 0.553220 0.549096 0.544171 0.546767 0.521533 0.544758 0.537429 0.534792 0.534657 
0.100000 0.592884 0.583233 0.562750 0.572486 0.580399 0.582337 0.570152 0.572907 0.593617 0.570588 0.575019 0.562615 0.560994 0.539510 0.562766 0.571594 0.561132 0.560837 0.561187 0.565225 0.566688 0.552383 0.532643 0.528200 0.546157 0.530527 
0.200000 0.603244 0.561212 0.572425 0.566850 0.584840 0.552163 0.576533 0.589845 0.589741 0.558188 0.587562 0.559607 0.545289 0.552616 0.568880 0.571720 0.575826 0.566194 0.567501 0.547558 0.541649 0.554132 0.535302 0.547964 0.547617 0.544796 
0.300000 0.561839 0.568000 0.549566 0.557343 0.568189 0.558043 0.572613 0.567612 0.568917 0.574287 0.584650 0.567592 0.582039 0.563358 0.568128 0.591486 0.545959 0.571941 0.558868 0.534416 0.564755 0.540989 0.567722 0.529812 0.532542 0.528960 
0.400000 0.533248 0.568652 0.543687 0.549606 0.570810 0.559436 0.573219 0.550274 0.552772 0.564475 0.574358 0.554219 0.547115 0.546726 0.570932 0.569919 0.550337 0.546928 0.557429 0.554778 0.535533 0.541844 0.526247 0.551825 0.546347 0.532758 
0.500000 0.502016 0.522811 0.513692 0.532260 0.546703 0.526295 0.544353 0.554400 0.571627 0.547617 0.542157 0.526281 0.565095 0.532748 0.556576 0.557531 0.527710 0.543400 0.530058 0.531473 0.542364 0.510631 0.556827 0.526561 0.487582 0.516130 
v
0.000000 1.278505 1.298179 1.287522 1.267535 1.271082 1.303971 1.290408 1.278514 1.286121 1.276949 1.276207 1.287918 1.278808 1.270984 1.279711 1.297158 1.288134 1.283705 1.245599 1.268048 1.275434 1.278539 1.256111 1.272049 1.302300 1.268484 
0.100000 1.249862 1.267640 1.271005 1.255878 1.267596 1.262626 1.267140 1.256379 1.251646 1.281257 1.264061 1.274211 1.243469 1.268926 1.248375 1.263925 1.289452 1.247413 1.255522 1.277769 1.260584 1.245975 1.270703 1.287549 1.249586 1.263996 
0.200000 1.218133 1.257235 1.233493 1.245258 1.244665 1.241985 1.239862 1.264670 1.242949 1.239462 1.240441 1.250874 1.240580 1.262976 1.230612 1.239035 1.252107 1.246084 1.251542 1.274755 1.254471 1.236852 1.207013 1.254706 1.249166 1.240769 
0.300000 1.230666 1.214272 1.212854 1.229441 1.217134 1.227979 1.226143 1.224067 1.249121 1.234647 1.219523 1.228499 1.223180 1.241201 1.234555 1.210069 1.248611 1.222587 1.237290 1.250655 1.230346 1.227948 1.228434 1.207538 1.222556 1.237036 
0.400000 1.241437 1.232794 1.206759 1.265578 1.224494 1.237440 1.247021 1.237866 1.228494 1.228316 1.215371 1.222271 1.238264 1.255162 1.237076 1.232075 1.248018 1.238635 1.235438 1.255257 1.223651 1.239485 1.212680 1.229241 1.210242 1.236346 
0.500000 1.265494 1.292111 1.280637 1.258291 1.253495 1.265310 1.262796 1.258355 1.244215 1.258807 1.279090 1.264331 1.253079 1.217649 1.233685 1.236045 1.259278 1.232842 1.261970 1.229309 1.240012 1.250722 1.222369 1.218006 1.243554 1.225889 
s
0.000000 1.379970 1.365599 1.363363 1.371248 1.367890 1.383157 1.363744 1.374513 1.379324 1.372418 1.375782 1.373490 1.371865 1.389474 1.365159 1.392406 1.396706 1.375739 1.363673 1.379094 1.389011 1.376612 1.369505 1.367486 1.383699 1.384138 
0.100000 1.377303 1.359872 1.370794 1.366407 1.365647 1.368917 1.365337 1.364502 1.362492 1.378817 1.368436 1.384165 1.365284 1.371117 1.380079 1.382173 1.373890 1.369310 1.374563 1.370090 1.375079 1.376036 1.370208 1.381159 1.385026 1.384483 
0.200000 1.348629 1.366540 1.349113 1.366432 1.359405 1.364398 1.361133 1.360296 1.366747 1.362966 1.370222 1.355728 1.377550 1.365186 1.375303 1.366737 1.371273 1.367488 1.369496 1.386401 1.364817 1.370665 1.373964 1.377547 1.373074 1.369215 
0.300000 1.355412 1.339067 1.364766 1.349846 1.358598 1.359784 1.344681 1.361181 1.358248 1.354204 1.355519 1.360946 1.353153 1.353727 1.364819 1.359220 1.360207 1.354792 1.370481 1.369978 1.361345 1.374610 1.371802 1.370395 1.378316 1.367610 
0.400000 1.356978 1.352559 1.340501 1.350823 1.357859 1.353080 1.347407 1.357971 1.359652 1.354899 1.362611 1.360632 1.367287 1.348985 1.356313 1.356765 1.358509 1.358614 1.369145 1.356152 1.359770 1.358708 1.374554 1.364883 1.372426 1.358402 
0.500000 1.354796 1.364528 1.358404 1.357866 1.358464 1.371898 1.357989 1.349388 1.358796 1.354426 1.361682 1.380388 1.355205 1.354932 1.352192 1.347094 1.355447 1.359093 1.368881 1.362368 1.367524 1.368486 1.352693 1.358787 1.381637 1.372762 
c
0.000000 112.045801 114.141396 113.428613 111.543201 112.408703 114.298455 113.630261 113.012475 112.927123 112.523662 111.774023 113.434524 111.541459 111.839070 112.440316 112.776410 112.632380 112.544741 109.882458 110.852624 111.355925 112.339342 110.598876 111.749050 114.394875 112.018760 
0.100000 110.203091 111.775663 111.763888 110.916158 111.596029 110.804368 111.801267 111.166281 109.918044 112.324153 111.760816 111.834791 110.245373 111.709772 109.882885 111.102280 113.113501 109.799274 110.371883 111.822358 110.340892 109.449247 111.887670 113.370883 109.321951 110.870796 
0.200000 108.162835 111.746027 109.455116 109.809653 110.292641 109.939030 109.757541 111.898054 109.871747 109.558183 109.811793 110.735392 109.761701 110.756152 108.577937 108.828957 110.754907 109.812468 109.957588 111.368674 110.969534 109.074698 107.154826 110.157385 110.060618 109.583469 
0.300000 109.808343 108.640605 107.828197 109.662216 108.134808 109.404947 108.950640 108.665733 110.918252 109.303998 108.275768 109.103079 108.522780 110.187902 108.926670 107.289935 110.270051 108.471149 109.130384 110.146671 108.918924 108.488955 108.618672 106.685839 108.512147 109.175987 
0.400000 111.037926 109.511800 108.362988 112.188806 108.727842 109.679233 109.993686 109.754146 109.057063 108.791568 108.660009 108.526912 109.369951 111.259499 109.769646 109.049805 110.852202 109.631442 109.432548 110.400084 108.246372 109.770017 108.077670 108.642369 107.325578 109.380946 
0.500000 112.204849 113.891028 113.743344 111.418466 111.182196 111.394120 111.824153 111.221435 110.114876 111.297853 112.894910 111.138873 110.426709 108.240199 109.510764 109.642315 111.350295 109.260372 111.240979 109.882658 109.503639 110.640810 108.650530 108.329424 109.577723 108.979951 
te
0.000000 57.333202 54.494413 54.945185 55.640210 56.065534 53.481822 54.525938 55.329336 54.080476 54.858937 55.604157 53.432805 55.714527 55.014863 54.153939 54.170051 54.302904 54.136464 56.275063 55.966228 54.734890 55.089589 55.163546 55.367841 52.606142 54.675360 
0.100000 56.900778 56.388447 55.101793 57.122906 55.534599 56.334373 57.274469 56.621416 57.498561 53.864525 54.562098 54.632403 57.377827 55.841851 56.569514 55.014502 52.370763 56.292633 55.460219 54.242802 55.459049 57.368534 54.896286 54.365093 57.268839 55.462061 
0.200000 59.833112 56.648346 59.300084 58.274402 57.030924 58.119720 57.721762 55.565935 57.748427 58.409274 56.428321 56.919833 57.826576 55.497361 58.925810 58.027210 55.849467 57.082800 56.488820 55.656352 56.128983 58.514734 59.661490 56.300742 57.128531 56.881960 
0.300000 59.587258 61.542244 60.298063 58.934152 60.636890 58.809474 60.443217 60.288319 57.775187 59.335310 59.899012 59.277575 60.108789 58.865747 59.618660 60.833168 58.010309 59.654751 58.639234 58.356854 59.147132 59.666099 58.700500 60.710510 59.264302 58.360714 
0.400000 57.636911 59.705262 60.992570 57.547993 60.326080 59.801847 59.977369 59.005301 60.256201 59.815563 60.423122 60.003662 60.238408 59.258651 59.870195 60.093714 58.765853 60.302692 59.568604 59.971619 60.896925 60.216588 61.669737 60.555246 61.884638 60.876429 
0.500000 59.000331 57.039436 57.041385 59.280588 59.242960 58.730814 59.069067 59.350035 59.531216 59.301096 57.795238 58.947156 59.178972 62.772024 60.580448 60.723343 59.095490 60.381545 59.165289 60.711471 60.849727 60.137202 61.967805 63.272214 63.490724 61.364204 
sr
0.000000 0.584706 0.585631 0.582821 0.587608 0.583043 0.581123 0.586664 0.586530 0.583811 0.583642 0.578945 0.585229 0.588043 0.582179 0.574832 0.581062 0.576135 0.580621 0.570645 0.575602 0.578332 0.573943 0.573652 0.572494 0.570124 0.574216 
0.100000 0.592696 0.587104 0.584044 0.594158 0.585783 0.590336 0.584431 0.582634 0.591889 0.586130 0.588092 0.575140 0.589798 0.590952 0.581182 0.577586 0.577010 0.579523 0.570623 0.577381 0.572426 0.570844 0.575621 0.577417 0.571015 0.572205 
0.200000 0.591598 0.576843 0.591568 0.589812 0.585599 0.588900 0.591810 0.587049 0.587309 0.582911 0.578012 0.580504 0.582851 0.581015 0.585314 0.583904 0.572163 0.583892 0.573783 0.572238 0.579249 0.576445 0.571240 0.574503 0.572266 0.575283 
0.300000 0.588695 0.591031 0.588281 0.584257 0.582292 0.579179 0.591607 0.589716 0.589609 0.582932 0.590392 0.584513 0.584600 0.576665 0.574849 0.584615 0.578768 0.576593 0.577003 0.573706 0.565282 0.565021 0.568983 0.572009 0.563152 0.573829 
0.400000 0.587281 0.585352 0.591772 0.583285 0.589526 0.594116 0.584895 0.587975 0.587545 0.588677 0.579132 0.580995 0.581449 0.582756 0.585758 0.579622 0.580759 0.579269 0.573483 0.576730 0.573150 0.574910 0.573857 0.570357 0.567451 0.566977 
0.500000 0.589753 0.587346 0.584768 0.585449 0.586949 0.582958 0.589607 0.582995 0.583206 0.585083 0.583329 0.577326 0.587119 0.581340 0.582073 0.583850 0.580532 0.576956 0.578575 0.584958 0.576108 0.566488 0.573917 0.579394 0.570794 0.575447 
gt
0.000000 1.072594 1.052944 1.059670 1.077983 1.070638 1.051266 1.058175 1.063285 1.064493 1.069116 1.076361 1.059834 1.078143 1.075236 1.068655 1.066015 1.069298 1.068052 1.094815 1.084252 1.080573 1.070222 1.086472 1.076640 1.051152 1.073725 
0.100000 1.090240 1.075003 1.075508 1.083787 1.077522 1.083897 1.076264 1.080919 1.092486 1.069415 1.075956 1.076333 1.092346 1.076582 1.096046 1.083681 1.063643 1.093962 1.089229 1.076299 1.089031 1.097703 1.075398 1.060557 1.099916 1.085839 
0.200000 1.110642 1.076476 1.097427 1.094836 1.089450 1.092650 1.094756 1.073639 1.094326 1.097425 1.094506 1.086125 1.096541 1.085308 1.107556 1.104311 1.085957 1.095665 1.093668 1.081183 1.085058 1.102191 1.125767 1.092234 1.092513 1.097265 
0.300000 1.094555 1.107888 1.115638 1.096470 1.111849 1.098910 1.103478 1.107248 1.085155 1.099661 1.110778 1.101947 1.107606 1.091076 1.103905 1.120894 1.091417 1.108625 1.101694 1.092932 1.105832 1.109243 1.107600 1.127032 1.108917 1.102280 
0.400000 1.082605 1.097569 1.109204 1.071252 1.105515 1.096240 1.092740 1.096088 1.102952 1.105541 1.106918 1.107784 1.100179 1.080705 1.096617 1.102758 1.086062 1.098568 1.099596 1.088679 1.111760 1.096411 1.113064 1.106278 1.121166 1.100842 
0.500000 1.072853 1.055548 1.058446 1.078209 1.080626 1.080864 1.075388 1.080403 1.091538 1.079519 1.064928 1.081836 1.088394 1.111534 1.098688 1.097785 1.079913 1.101537 1.081150 1.096198 1.098411 1.088816 1.108143 1.112164 1.108820 1.105248 
st
0.000000 0.627152 0.616637 0.617598 0.633431 0.624228 0.610915 0.620793 0.623649 0.621463 0.623981 0.623154 0.620246 0.633994 0.625980 0.614297 0.619421 0.616060 0.620133 0.624751 0.624098 0.624929 0.614247 0.623257 0.616370 0.599287 0.616550 
0.100000 0.646181 0.631139 0.628143 0.643941 0.631195 0.639864 0.629002 0.629780 0.646630 0.626816 0.632761 0.619042 0.644263 0.636208 0.637002 0.625920 0.613733 0.633977 0.621540 0.621435 0.623389 0.626618 0.619021 0.612383 0.628069 0.621322 
0.200000 0.657053 0.620958 0.649203 0.645748 0.637981 0.643462 0.647887 0.630279 0.642708 0.639701 0.632638 0.630499 0.639120 0.630581 0.648268 0.644812 0.621344 0.639750 0.627528 0.618694 0.628518 0.635352 0.643083 0.627491 0.625208 0.631238 
0.300000 0.644359 0.654796 0.656309 0.640620 0.647421 0.636465 0.652826 0.652962 0.639817 0.641028 0.655795 0.644103 0.647507 0.629186 0.634578 0.655292 0.631677 0.639225 0.635681 0.627021 0.625106 0.626745 0.630206 0.644673 0.624488 0.632520 
0.400000 0.635793 0.642465 0.656396 0.624845 0.651730 0.651293 0.639138 0.644472 0.648033 0.650806 0.641052 0.643617 0.639698 0.629787 0.642353 0.639183 0.630740 0.636366 0.630599 0.627874 0.637205 0.630338 0.638739 0.630973 0.636207 0.624152 
0.500000 0.632718 0.619972 0.618945 0.631237 0.634273 0.630098 0.634056 0.629870 0.636592 0.631608 0.621204 0.624571 0.639017 0.646179 0.639517 0.640942 0.626924 0.635538 0.625526 0.641230 0.632803 0.616801 0.635982 0.644381 0.632908 0.636012 
